-0.392699	-1.88496	-0	18.251	-2.50832e-08	-0.00926645	0.986687	-0.162367	-4.46755e-08
-0.392699	-1.88496	-0	19.7386	-3.54778e-08	-0.0148711	0.990425	0.137252	-6.50151e-08
-0.392699	-1.25664	-0	10.7325	-2.50832e-08	-0.00926645	0.986687	-0.162367	-4.46755e-08
-0.392699	-1.25664	-0	12.22	-3.54778e-08	-0.0148711	0.990425	0.137252	-6.50151e-08
-0.392699	-0.628319	-0	6.22135	-2.50832e-08	-0.00926645	0.986687	-0.162367	-4.46755e-08
-0.392699	-0.628319	-0	7.70891	-3.54778e-08	-0.0148711	0.990425	0.137252	-6.50151e-08
-0.392699	-0.628319	-0	16.366	-5.5394e-08	0.876436	0.481243	0.0162586	-1.30195e-07
-0.392699	5.44979e-15	0	6.20521	-3.54778e-08	-0.0148711	0.990425	0.137252	-6.50151e-08
-0.392699	5.44979e-15	0	14.8623	-5.5394e-08	0.876436	0.481243	0.0162586	-1.30195e-07
-0.392699	0.628319	0	6.22135	-2.50832e-08	-0.00926645	0.986687	-0.162367	-4.46755e-08
-0.392699	0.628319	0	7.70891	-3.54778e-08	-0.0148711	0.990425	0.137252	-6.50151e-08
-0.392699	0.628319	0	16.366	-5.5394e-08	0.876436	0.481243	0.0162586	-1.30195e-07
-0.392699	1.25664	0	10.7325	-2.50832e-08	-0.00926645	0.986687	-0.162367	-4.46755e-08
-0.392699	1.25664	0	12.22	-3.54778e-08	-0.0148711	0.990425	0.137252	-6.50151e-08
-0.392699	1.88496	0	18.251	-2.50832e-08	-0.00926645	0.986687	-0.162367	-4.46755e-08
-0.392699	1.88496	0	19.7386	-3.54778e-08	-0.0148711	0.990425	0.137252	-6.50151e-08
-0.376991	-1.88496	-0	18.3007	-2.60277e-08	-0.00978822	0.989617	-0.143393	-4.53199e-08
-0.376991	-1.88496	-0	19.7832	-3.63619e-08	-0.0155819	0.987705	0.155549	-6.50618e-08
-0.376991	-1.25664	-0	10.7822	-2.60277e-08	-0.00978822	0.989617	-0.143393	-4.53199e-08
-0.376991	-1.25664	-0	12.2647	-3.63619e-08	-0.0155819	0.987705	0.155549	-6.50618e-08
-0.376991	-0.628319	-0	6.2711	-2.60277e-08	-0.00978822	0.989617	-0.143393	-4.53199e-08
-0.376991	-0.628319	-0	7.75359	-3.63619e-08	-0.0155819	0.987705	0.155549	-6.50618e-08
-0.376991	-0.628319	-0	16.1334	-5.58868e-08	0.87206	0.489105	0.016972	-1.25521e-07
-0.376991	5.44979e-15	0	6.24988	-3.63619e-08	-0.0155819	0.987705	0.155549	-6.50618e-08
-0.376991	5.44979e-15	0	14.6297	-5.58868e-08	0.87206	0.489105	0.016972	-1.25521e-07
-0.376991	0.628319	0	6.2711	-2.60277e-08	-0.00978822	0.989617	-0.143393	-4.53199e-08
-0.376991	0.628319	0	7.75359	-3.63619e-08	-0.0155819	0.987705	0.155549	-6.50618e-08
-0.376991	0.628319	0	16.1334	-5.58868e-08	0.87206	0.489105	0.016972	-1.25521e-07
-0.376991	1.25664	0	10.7822	-2.60277e-08	-0.00978822	0.989617	-0.143393	-4.53199e-08
-0.376991	1.25664	0	12.2647	-3.63619e-08	-0.0155819	0.987705	0.155549	-6.50618e-08
-0.376991	1.88496	0	18.3007	-2.60277e-08	-0.00978822	0.989617	-0.143393	-4.53199e-08
-0.376991	1.88496	0	19.7832	-3.63619e-08	-0.0155819	0.987705	0.155549	-6.50618e-08
-0.361283	-1.88496	-0	18.3404	-2.68966e-08	-0.0102942	0.991898	-0.126618	-4.57757e-08
-0.361283	-1.88496	-0	19.8417	-3.73227e-08	-0.0163873	0.984241	0.176073	-6.522e-08
-0.361283	-1.25664	-0	10.8218	-2.68966e-08	-0.0102942	0.991898	-0.126618	-4.57757e-08
-0.361283	-1.25664	-0	12.3232	-3.73227e-08	-0.0163873	0.984241	0.176073	-6.522e-08
-0.361283	-0.628319	-0	6.31072	-2.68966e-08	-0.0102942	0.991898	-0.126618	-4.57757e-08
-0.361283	-0.628319	-0	7.81208	-3.73227e-08	-0.0163873	0.984241	0.176073	-6.522e-08
-0.361283	-0.628319	-0	15.9028	-5.63882e-08	0.867455	0.497198	0.0177467	-1.21203e-07
-0.361283	5.44979e-15	0	6.30837	-3.73227e-08	-0.0163873	0.984241	0.176073	-6.522e-08
-0.361283	5.44979e-15	0	14.3991	-5.63882e-08	0.867455	0.497198	0.0177467	-1.21203e-07
-0.361283	0.628319	0	6.31072	-2.68966e-08	-0.0102942	0.991898	-0.126618	-4.57757e-08
-0.361283	0.628319	0	7.81208	-3.73227e-08	-0.0163873	0.984241	0.176073	-6.522e-08
-0.361283	0.628319	0	15.9028	-5.63882e-08	0.867455	0.497198	0.0177467	-1.21203e-07
-0.361283	1.25664	0	10.8218	-2.68966e-08	-0.0102942	0.991898	-0.126618	-4.57757e-08
-0.361283	1.25664	0	12.3232	-3.73227e-08	-0.0163873	0.984241	0.176073	-6.522e-08
-0.361283	1.88496	0	18.3404	-2.68966e-08	-0.0102942	0.991898	-0.126618	-4.57757e-08
-0.361283	1.88496	0	19.8417	-3.73227e-08	-0.0163873	0.984241	0.176073	-6.522e-08
-0.345575	-1.88496	-0	18.3703	-2.76915e-08	-0.0107832	0.993647	-0.11202	-4.60569e-08
-0.345575	-1.88496	-0	19.9136	-3.83537e-08	-0.0172965	0.979917	0.198656	-6.54685e-08
-0.345575	-1.25664	-0	10.8518	-2.76915e-08	-0.0107832	0.993647	-0.11202	-4.60569e-08
-0.345575	-1.25664	-0	12.3951	-3.83537e-08	-0.0172965	0.979917	0.198656	-6.54685e-08
-0.345575	-0.628319	-0	6.34063	-2.76915e-08	-0.0107832	0.993647	-0.11202	-4.60569e-08
-0.345575	-0.628319	-0	7.88396	-3.83537e-08	-0.0172965	0.979917	0.198656	-6.54685e-08
-0.345575	-0.628319	-0	15.6741	-5.68984e-08	0.862607	0.505533	0.0185907	-1.17202e-07
-0.345575	5.44979e-15	0	6.38025	-3.83537e-08	-0.0172965	0.979917	0.198656	-6.54685e-08
-0.345575	5.44979e-15	0	14.1704	-5.68984e-08	0.862607	0.505533	0.0185907	-1.17202e-07
-0.345575	0.628319	0	6.34063	-2.76915e-08	-0.0107832	0.993647	-0.11202	-4.60569e-08
-0.345575	0.628319	0	7.88396	-3.83537e-08	-0.0172965	0.979917	0.198656	-6.54685e-08
-0.345575	0.628319	0	15.6741	-5.68984e-08	0.862607	0.505533	0.0185907	-1.17202e-07
-0.345575	1.25664	0	10.8518	-2.76915e-08	-0.0107832	0.993647	-0.11202	-4.60569e-08
-0.345575	1.25664	0	12.3951	-3.83537e-08	-0.0172965	0.979917	0.198656	-6.54685e-08
-0.345575	1.88496	0	18.3703	-2.76915e-08	-0.0107832	0.993647	-0.11202	-4.60569e-08
-0.345575	1.88496	0	19.9136	-3.83537e-08	-0.0172965	0.979917	0.198656	-6.54685e-08
-0.329867	-1.88496	-0	18.3914	-2.84175e-08	-0.0112561	0.994977	-0.0994685	-4.61839e-08
-0.329867	-1.88496	-0	19.998	-3.9445e-08	-0.0183186	0.974641	0.223023	-6.5781e-08
-0.329867	-1.25664	-0	10.8729	-2.84175e-08	-0.0112561	0.994977	-0.0994685	-4.61839e-08
-0.329867	-1.25664	-0	12.4794	-3.9445e-08	-0.0183186	0.974641	0.223023	-6.5781e-08
-0.329867	-1.25664	-0	19.9585	-5.74176e-08	0.857496	0.51412	0.0195137	-1.13485e-07
-0.329867	-0.628319	-0	6.36175	-2.84175e-08	-0.0112561	0.994977	-0.0994685	-4.61839e-08
-0.329867	-0.628319	-0	7.96832	-3.9445e-08	-0.0183186	0.974641	0.223023	-6.5781e-08
-0.329867	-0.628319	-0	15.4474	-5.74176e-08	0.857496	0.51412	0.0195137	-1.13485e-07
-0.329867	5.44979e-15	0	6.46461	-3.9445e-08	-0.0183186	0.974641	0.223023	-6.5781e-08
-0.329867	5.44979e-15	0	13.9437	-5.74176e-08	0.857496	0.51412	0.0195137	-1.13485e-07
-0.329867	0.628319	0	6.36175	-2.84175e-08	-0.0112561	0.994977	-0.0994685	-4.61839e-08
-0.329867	0.628319	0	7.96832	-3.9445e-08	-0.0183186	0.974641	0.223023	-6.5781e-08
-0.329867	0.628319	0	15.4474	-5.74176e-08	0.857496	0.51412	0.0195137	-1.13485e-07
-0.329867	1.25664	0	10.8729	-2.84175e-08	-0.0112561	0.994977	-0.0994685	-4.61839e-08
-0.329867	1.25664	0	12.4794	-3.9445e-08	-0.0183186	0.974641	0.223023	-6.5781e-08
-0.329867	1.25664	0	19.9585	-5.74176e-08	0.857496	0.51412	0.0195137	-1.13485e-07
-0.329867	1.88496	0	18.3914	-2.84175e-08	-0.0112561	0.994977	-0.0994685	-4.61839e-08
-0.329867	1.88496	0	19.998	-3.9445e-08	-0.0183186	0.974641	0.223023	-6.5781e-08
-0.314159	-1.88496	-0	18.4049	-2.90826e-08	-0.0117153	0.995984	-0.0887577	-4.61797e-08
-0.314159	-1.25664	-0	10.8864	-2.90826e-08	-0.0117153	0.995984	-0.0887577	-4.61797e-08
-0.314159	-1.25664	-0	12.5751	-4.05846e-08	-0.0194635	0.968351	0.248833	-6.61299e-08
-0.314159	-1.25664	-0	19.7338	-5.79461e-08	0.852104	0.52297	0.0205272	-1.10025e-07
-0.314159	-0.628319	-0	6.37524	-2.90826e-08	-0.0117153	0.995984	-0.0887577	-4.61797e-08
-0.314159	-0.628319	-0	8.06396	-4.05846e-08	-0.0194635	0.968351	0.248833	-6.61299e-08
-0.314159	-0.628319	-0	15.2227	-5.79461e-08	0.852104	0.52297	0.0205272	-1.10025e-07
-0.314159	5.44979e-15	0	6.56026	-4.05846e-08	-0.0194635	0.968351	0.248833	-6.61299e-08
-0.314159	5.44979e-15	0	13.7189	-5.79461e-08	0.852104	0.52297	0.0205272	-1.10025e-07
-0.314159	0.628319	0	6.37524	-2.90826e-08	-0.0117153	0.995984	-0.0887577	-4.61797e-08
-0.314159	0.628319	0	8.06396	-4.05846e-08	-0.0194635	0.968351	0.248833	-6.61299e-08
-0.314159	0.628319	0	15.2227	-5.79461e-08	0.852104	0.52297	0.0205272	-1.10025e-07
-0.314159	1.25664	0	10.8864	-2.90826e-08	-0.0117153	0.995984	-0.0887577	-4.61797e-08
-0.314159	1.25664	0	12.5751	-4.05846e-08	-0.0194635	0.968351	0.248833	-6.61299e-08
-0.314159	1.25664	0	19.7338	-5.79461e-08	0.852104	0.52297	0.0205272	-1.10025e-07
-0.314159	1.88496	0	18.4049	-2.90826e-08	-0.0117153	0.995984	-0.0887577	-4.61797e-08
-0.298451	-1.88496	-0	18.4121	-2.96955e-08	-0.0121641	0.996749	-0.0796499	-4.60675e-08
-0.298451	-1.25664	-0	10.8935	-2.96955e-08	-0.0121641	0.996749	-0.0796499	-4.60675e-08
-0.298451	-1.25664	-0	12.6807	-4.17596e-08	-0.0207428	0.961014	0.275721	-6.64885e-08
-0.298451	-1.25664	-0	19.511	-5.84844e-08	0.846407	0.532096	0.021645	-1.06796e-07
-0.298451	-0.628319	-0	6.38241	-2.96955e-08	-0.0121641	0.996749	-0.0796499	-4.60675e-08
-0.298451	-0.628319	-0	8.16959	-4.17596e-08	-0.0207428	0.961014	0.275721	-6.64885e-08
-0.298451	-0.628319	-0	14.9999	-5.84844e-08	0.846407	0.532096	0.021645	-1.06796e-07
-0.298451	5.44979e-15	0	6.66588	-4.17596e-08	-0.0207428	0.961014	0.275721	-6.64885e-08
-0.298451	5.44979e-15	0	13.4962	-5.84844e-08	0.846407	0.532096	0.021645	-1.06796e-07
-0.298451	0.628319	0	6.38241	-2.96955e-08	-0.0121641	0.996749	-0.0796499	-4.60675e-08
-0.298451	0.628319	0	8.16959	-4.17596e-08	-0.0207428	0.961014	0.275721	-6.64885e-08
-0.298451	0.628319	0	14.9999	-5.84844e-08	0.846407	0.532096	0.021645	-1.06796e-07
-0.298451	1.25664	0	10.8935	-2.96955e-08	-0.0121641	0.996749	-0.0796499	-4.60675e-08
-0.298451	1.25664	0	12.6807	-4.17596e-08	-0.0207428	0.961014	0.275721	-6.64885e-08
-0.298451	1.25664	0	19.511	-5.84844e-08	0.846407	0.532096	0.021645	-1.06796e-07
-0.298451	1.88496	0	18.4121	-2.96955e-08	-0.0121641	0.996749	-0.0796499	-4.60675e-08
-0.282743	-1.88496	-0	18.4142	-3.02651e-08	-0.0126063	0.997332	-0.0719055	-4.58687e-08
-0.282743	-1.25664	-0	10.8956	-3.02651e-08	-0.0126063	0.997332	-0.0719055	-4.58687e-08
-0.282743	-1.25664	-0	12.7951	-4.29581e-08	-0.0221714	0.952626	0.303335	-6.68333e-08
-0.282743	-1.25664	-0	19.2902	-5.90327e-08	0.840383	0.54151	0.0228841	-1.03777e-07
-0.282743	-0.628319	-0	6.38452	-3.02651e-08	-0.0126063	0.997332	-0.0719055	-4.58687e-08
-0.282743	-0.628319	-0	8.28394	-4.29581e-08	-0.0221714	0.952626	0.303335	-6.68333e-08
-0.282743	-0.628319	-0	14.7791	-5.90327e-08	0.840383	0.54151	0.0228841	-1.03777e-07
-0.282743	5.44979e-15	0	6.78023	-4.29581e-08	-0.0221714	0.952626	0.303335	-6.68333e-08
-0.282743	5.44979e-15	0	13.2754	-5.90327e-08	0.840383	0.54151	0.0228841	-1.03777e-07
-0.282743	0.628319	0	6.38452	-3.02651e-08	-0.0126063	0.997332	-0.0719055	-4.58687e-08
-0.282743	0.628319	0	8.28394	-4.29581e-08	-0.0221714	0.952626	0.303335	-6.68333e-08
-0.282743	0.628319	0	14.7791	-5.90327e-08	0.840383	0.54151	0.0228841	-1.03777e-07
-0.282743	1.25664	0	10.8956	-3.02651e-08	-0.0126063	0.997332	-0.0719055	-4.58687e-08
-0.282743	1.25664	0	12.7951	-4.29581e-08	-0.0221714	0.952626	0.303335	-6.68333e-08
-0.282743	1.25664	0	19.2902	-5.90327e-08	0.840383	0.54151	0.0228841	-1.03777e-07
-0.282743	1.88496	0	18.4142	-3.02651e-08	-0.0126063	0.997332	-0.0719055	-4.58687e-08
-0.267035	-1.88496	-0	18.4123	-3.07994e-08	-0.0130458	0.99778	-0.0653038	-4.56018e-08
-0.267035	-1.25664	-0	10.8938	-3.07994e-08	-0.0130458	0.99778	-0.0653038	-4.56018e-08
-0.267035	-1.25664	-0	12.917	-4.41689e-08	-0.023769	0.943207	0.331355	-6.71446e-08
-0.267035	-1.25664	-0	19.0715	-5.95918e-08	0.834002	0.551228	0.024265	-1.00949e-07
-0.267035	-0.628319	-0	6.38269	-3.07994e-08	-0.0130458	0.99778	-0.0653038	-4.56018e-08
-0.267035	-0.628319	-0	8.40584	-4.41689e-08	-0.023769	0.943207	0.331355	-6.71446e-08
-0.267035	-0.628319	-0	14.5604	-5.95918e-08	0.834002	0.551228	0.024265	-1.00949e-07
-0.267035	5.44979e-15	0	6.90214	-4.41689e-08	-0.023769	0.943207	0.331355	-6.71446e-08
-0.267035	5.44979e-15	0	13.0567	-5.95918e-08	0.834002	0.551228	0.024265	-1.00949e-07
-0.267035	0.628319	0	6.38269	-3.07994e-08	-0.0130458	0.99778	-0.0653038	-4.56018e-08
-0.267035	0.628319	0	8.40584	-4.41689e-08	-0.023769	0.943207	0.331355	-6.71446e-08
-0.267035	0.628319	0	14.5604	-5.95918e-08	0.834002	0.551228	0.024265	-1.00949e-07
-0.267035	1.25664	0	10.8938	-3.07994e-08	-0.0130458	0.99778	-0.0653038	-4.56018e-08
-0.267035	1.25664	0	12.917	-4.41689e-08	-0.023769	0.943207	0.331355	-6.71446e-08
-0.267035	1.25664	0	19.0715	-5.95918e-08	0.834002	0.551228	0.024265	-1.00949e-07
-0.267035	1.88496	0	18.4123	-3.07994e-08	-0.0130458	0.99778	-0.0653038	-4.56018e-08
-0.251327	-1.88496	-0	18.4076	-3.13053e-08	-0.0134865	0.998128	-0.0596519	-4.52821e-08
-0.251327	-1.25664	-0	10.889	-3.13053e-08	-0.0134865	0.998128	-0.0596519	-4.52821e-08
-0.251327	-1.25664	-0	13.0454	-4.53824e-08	-0.0255614	0.932793	0.359506	-6.74068e-08
-0.251327	-1.25664	-0	18.8547	-6.01623e-08	0.827233	0.561266	0.0258134	-9.82965e-08
-0.251327	-0.628319	-0	6.37792	-3.13053e-08	-0.0134865	0.998128	-0.0596519	-4.52821e-08
-0.251327	-0.628319	-0	8.53433	-4.53824e-08	-0.0255614	0.932793	0.359506	-6.74068e-08
-0.251327	-0.628319	-0	14.3436	-6.01623e-08	0.827233	0.561266	0.0258134	-9.82965e-08
-0.251327	5.44979e-15	0	7.03062	-4.53824e-08	-0.0255614	0.932793	0.359506	-6.74068e-08
-0.251327	5.44979e-15	0	12.8399	-6.01623e-08	0.827233	0.561266	0.0258134	-9.82965e-08
-0.251327	0.628319	0	6.37792	-3.13053e-08	-0.0134865	0.998128	-0.0596519	-4.52821e-08
-0.251327	0.628319	0	8.53433	-4.53824e-08	-0.0255614	0.932793	0.359506	-6.74068e-08
-0.251327	0.628319	0	14.3436	-6.01623e-08	0.827233	0.561266	0.0258134	-9.82965e-08
-0.251327	1.25664	0	10.889	-3.13053e-08	-0.0134865	0.998128	-0.0596519	-4.52821e-08
-0.251327	1.25664	0	13.0454	-4.53824e-08	-0.0255614	0.932793	0.359506	-6.74068e-08
-0.251327	1.25664	0	18.8547	-6.01623e-08	0.827233	0.561266	0.0258134	-9.82965e-08
-0.251327	1.88496	0	18.4076	-3.13053e-08	-0.0134865	0.998128	-0.0596519	-4.52821e-08
-0.235619	-1.88496	-0	18.4007	-3.17889e-08	-0.0139317	0.998401	-0.0547871	-4.49221e-08
-0.235619	-1.25664	-0	10.8821	-3.17889e-08	-0.0139317	0.998401	-0.0547871	-4.49221e-08
-0.235619	-1.25664	-0	13.1797	-4.65905e-08	-0.0275832	0.92143	0.387563	-6.76078e-08
-0.235619	-1.25664	-0	18.64	-6.07449e-08	0.82004	0.571643	0.0275617	-9.58047e-08
-0.235619	-0.628319	-0	6.37102	-3.17889e-08	-0.0139317	0.998401	-0.0547871	-4.49221e-08
-0.235619	-0.628319	-0	8.66854	-4.65905e-08	-0.0275832	0.92143	0.387563	-6.76078e-08
-0.235619	-0.628319	-0	14.1289	-6.07449e-08	0.82004	0.571643	0.0275617	-9.58047e-08
-0.235619	5.44979e-15	0	7.16483	-4.65905e-08	-0.0275832	0.92143	0.387563	-6.76078e-08
-0.235619	5.44979e-15	0	12.6252	-6.07449e-08	0.82004	0.571643	0.0275617	-9.58047e-08
-0.235619	0.628319	0	6.37102	-3.17889e-08	-0.0139317	0.998401	-0.0547871	-4.49221e-08
-0.235619	0.628319	0	8.66854	-4.65905e-08	-0.0275832	0.92143	0.387563	-6.76078e-08
-0.235619	0.628319	0	14.1289	-6.07449e-08	0.82004	0.571643	0.0275617	-9.58047e-08
-0.235619	1.25664	0	10.8821	-3.17889e-08	-0.0139317	0.998401	-0.0547871	-4.49221e-08
-0.235619	1.25664	0	13.1797	-4.65905e-08	-0.0275832	0.92143	0.387563	-6.76078e-08
-0.235619	1.25664	0	18.64	-6.07449e-08	0.82004	0.571643	0.0275617	-9.58047e-08
-0.235619	1.88496	0	18.4007	-3.17889e-08	-0.0139317	0.998401	-0.0547871	-4.49221e-08
-0.204204	-1.88496	-0	15.5063	-0.0413725	-0.167781	0.927391	-0.327288	-0.0544628
-0.204204	-1.25664	-0	7.98781	-0.0413725	-0.167781	0.927391	-0.327288	-0.0544628
-0.204204	-1.25664	-0	15.1112	-0.0478571	-0.552724	0.179606	0.809559	-0.0675373
-0.204204	-0.628319	-0	10.6001	-0.0478571	-0.552724	0.179606	0.809559	-0.0675373
-0.204204	-0.628319	-0	19.654	-0.194618	0.774972	0.264895	0.431816	-0.323896
-0.204204	5.44979e-15	0	9.09635	-0.0478571	-0.552724	0.179606	0.809559	-0.0675373
-0.204204	5.44979e-15	0	18.1503	-0.194618	0.774972	0.264895	0.431816	-0.323896
-0.204204	0.628319	0	10.6001	-0.0478571	-0.552724	0.179606	0.809559	-0.0675373
-0.204204	0.628319	0	19.654	-0.194618	0.774972	0.264895	0.431816	-0.323896
-0.204204	1.25664	0	7.98781	-0.0413725	-0.167781	0.927391	-0.327288	-0.0544628
-0.204204	1.25664	0	15.1112	-0.0478571	-0.552724	0.179606	0.809559	-0.0675373
-0.204204	1.88496	0	15.5063	-0.0413725	-0.167781	0.927391	-0.327288	-0.0544628
-0.188496	-1.88496	-0	15.4975	-0.0421867	-0.172934	0.929044	-0.319745	-0.0543654
-0.188496	-1.25664	-0	7.97899	-0.0421867	-0.172934	0.929044	-0.319745	-0.0543654
-0.188496	-1.25664	-0	15.1523	-0.0452153	-0.564443	0.16626	0.804894	-0.0621568
-0.188496	-0.628319	-0	10.6412	-0.0452153	-0.564443	0.16626	0.804894	-0.0621568
-0.188496	-0.628319	-0	19.5792	-0.199427	0.766558	0.268608	0.446295	-0.318259
-0.188496	5.44979e-15	0	9.13747	-0.0452153	-0.564443	0.16626	0.804894	-0.0621568
-0.188496	5.44979e-15	0	18.0755	-0.199427	0.766558	0.268608	0.446295	-0.318259
-0.188496	0.628319	0	10.6412	-0.0452153	-0.564443	0.16626	0.804894	-0.0621568
-0.188496	0.628319	0	19.5792	-0.199427	0.766558	0.268608	0.446295	-0.318259
-0.188496	1.25664	0	7.97899	-0.0421867	-0.172934	0.929044	-0.319745	-0.0543654
-0.188496	1.25664	0	15.1523	-0.0452153	-0.564443	0.16626	0.804894	-0.0621568
-0.188496	1.88496	0	15.4975	-0.0421867	-0.172934	0.929044	-0.319745	-0.0543654
-0.172788	-1.88496	-0	15.4893	-0.0429803	-0.178135	0.930547	-0.31235	-0.0542237
-0.172788	-1.25664	-0	7.97078	-0.0429803	-0.178135	0.930547	-0.31235	-0.0542237
-0.172788	-1.25664	-0	15.1911	-0.0424006	-0.576321	0.152829	0.799673	-0.0567753
-0.172788	-0.628319	-0	10.68	-0.0424006	-0.576321	0.152829	0.799673	-0.0567753
-0.172788	-0.628319	-0	19.5092	-0.20424	0.757595	0.272095	0.46096	-0.312757
-0.172788	5.44979e-15	0	9.17631	-0.0424006	-0.576321	0.152829	0.799673	-0.0567753
-0.172788	5.44979e-15	0	18.0055	-0.20424	0.757595	0.272095	0.46096	-0.312757
-0.172788	0.628319	0	10.68	-0.0424006	-0.576321	0.152829	0.799673	-0.0567753
-0.172788	0.628319	0	19.5092	-0.20424	0.757595	0.272095	0.46096	-0.312757
-0.172788	1.25664	0	7.97078	-0.0429803	-0.178135	0.930547	-0.31235	-0.0542237
-0.172788	1.25664	0	15.1911	-0.0424006	-0.576321	0.152829	0.799673	-0.0567753
-0.172788	1.88496	0	15.4893	-0.0429803	-0.178135	0.930547	-0.31235	-0.0542237
-0.15708	-1.88496	-0	15.4817	-0.0437531	-0.183387	0.931906	-0.3051	-0.0540398
-0.15708	-1.25664	-0	7.96321	-0.0437531	-0.183387	0.931906	-0.3051	-0.0540398
-0.15708	-1.25664	-0	15.2275	-0.0394099	-0.588331	0.139308	0.793893	-0.051399
-0.15708	-0.628319	-0	10.7164	-0.0394099	-0.588331	0.139308	0.793893	-0.051399
-0.15708	-0.628319	-0	19.4442	-0.209056	0.748083	0.275343	0.475788	-0.307374
-0.15708	5.44979e-15	0	9.21265	-0.0394099	-0.588331	0.139308	0.793893	-0.051399
-0.15708	5.44979e-15	0	17.9405	-0.209056	0.748083	0.275343	0.475788	-0.307374
-0.15708	0.628319	0	10.7164	-0.0394099	-0.588331	0.139308	0.793893	-0.051399
-0.15708	0.628319	0	19.4442	-0.209056	0.748083	0.275343	0.475788	-0.307374
-0.15708	1.25664	0	7.96321	-0.0437531	-0.183387	0.931906	-0.3051	-0.0540398
-0.15708	1.25664	0	15.2275	-0.0394099	-0.588331	0.139308	0.793893	-0.051399
-0.15708	1.88496	0	15.4817	-0.0437531	-0.183387	0.931906	-0.3051	-0.0540398
-0.141372	-1.88496	-0	15.4748	-0.0445048	-0.188693	0.933124	-0.297989	-0.0538156
-0.141372	-1.25664	-0	7.9563	-0.0445048	-0.188693	0.933124	-0.297989	-0.0538156
-0.141372	-1.25664	-0	15.2611	-0.0362412	-0.60044	0.125699	0.787553	-0.0460352
-0.141372	-0.628319	-0	10.75	-0.0362412	-0.60044	0.125699	0.787553	-0.0460352
-0.141372	-0.628319	-0	19.3846	-0.213875	0.738026	0.278338	0.490755	-0.302096
-0.141372	5.44979e-15	0	9.24628	-0.0362412	-0.60044	0.125699	0.787553	-0.0460352
-0.141372	5.44979e-15	0	17.8809	-0.213875	0.738026	0.278338	0.490755	-0.302096
-0.141372	0.628319	0	10.75	-0.0362412	-0.60044	0.125699	0.787553	-0.0460352
-0.141372	0.628319	0	19.3846	-0.213875	0.738026	0.278338	0.490755	-0.302096
-0.141372	1.25664	0	7.9563	-0.0445048	-0.188693	0.933124	-0.297989	-0.0538156
-0.141372	1.25664	0	15.2611	-0.0362412	-0.60044	0.125699	0.787553	-0.0460352
-0.141372	1.88496	0	15.4748	-0.0445048	-0.188693	0.933124	-0.297989	-0.0538156
-0.125664	-1.88496	-0	15.4686	-0.0452351	-0.194058	0.934205	-0.291013	-0.0535531
-0.125664	-1.25664	-0	7.95007	-0.0452351	-0.194058	0.934205	-0.291013	-0.0535531
-0.125664	-1.25664	-0	15.2918	-0.0328933	-0.612612	0.112001	0.780656	-0.0406923
-0.125664	-0.628319	-0	10.7807	-0.0328933	-0.612612	0.112001	0.780656	-0.0406923
-0.125664	-0.628319	-0	19.3305	-0.218697	0.727431	0.281066	0.505828	-0.29691
-0.125664	5.44979e-15	0	9.27699	-0.0328933	-0.612612	0.112001	0.780656	-0.0406923
-0.125664	5.44979e-15	0	17.8268	-0.218697	0.727431	0.281066	0.505828	-0.29691
-0.125664	0.628319	0	10.7807	-0.0328933	-0.612612	0.112001	0.780656	-0.0406923
-0.125664	0.628319	0	19.3305	-0.218697	0.727431	0.281066	0.505828	-0.29691
-0.125664	1.25664	0	7.95007	-0.0452351	-0.194058	0.934205	-0.291013	-0.0535531
-0.125664	1.25664	0	15.2918	-0.0328933	-0.612612	0.112001	0.780656	-0.0406923
-0.125664	1.88496	0	15.4686	-0.0452351	-0.194058	0.934205	-0.291013	-0.0535531
-0.109956	-1.88496	-0	15.4631	-0.0459438	-0.199484	0.935151	-0.284168	-0.0532539
-0.109956	-1.25664	-0	7.94453	-0.0459438	-0.199484	0.935151	-0.284168	-0.0532539
-0.109956	-1.25664	-0	15.3194	-0.0293667	-0.624809	0.098218	0.773209	-0.0353799
-0.109956	-0.628319	-0	10.8083	-0.0293667	-0.624809	0.098218	0.773209	-0.0353799
-0.109956	-0.628319	-0	19.2821	-0.223521	0.716308	0.283513	0.520974	-0.291801
-0.109956	5.44979e-15	0	9.30459	-0.0293667	-0.624809	0.098218	0.773209	-0.0353799
-0.109956	5.44979e-15	0	17.7784	-0.223521	0.716308	0.283513	0.520974	-0.291801
-0.109956	0.628319	0	10.8083	-0.0293667	-0.624809	0.098218	0.773209	-0.0353799
-0.109956	0.628319	0	19.2821	-0.223521	0.716308	0.283513	0.520974	-0.291801
-0.109956	1.25664	0	7.94453	-0.0459438	-0.199484	0.935151	-0.284168	-0.0532539
-0.109956	1.25664	0	15.3194	-0.0293667	-0.624809	0.098218	0.773209	-0.0353799
-0.109956	1.88496	0	15.4631	-0.0459438	-0.199484	0.935151	-0.284168	-0.0532539
-0.0942478	-1.88496	-0	15.4582	-0.0466304	-0.204976	0.935966	-0.277449	-0.0529198
-0.0942478	-1.25664	-0	7.9397	-0.0466304	-0.204976	0.935966	-0.277449	-0.0529198
-0.0942478	-1.25664	-0	15.3437	-0.0256629	-0.636989	0.0843545	0.765222	-0.0301084
-0.0942478	-0.628319	-0	10.8326	-0.0256629	-0.636989	0.0843545	0.765222	-0.0301084
-0.0942478	-0.628319	-0	19.2398	-0.228346	0.704671	0.285665	0.536154	-0.286759
-0.0942478	5.44979e-15	0	9.32891	-0.0256629	-0.636989	0.0843545	0.765222	-0.0301084
-0.0942478	5.44979e-15	0	17.7361	-0.228346	0.704671	0.285665	0.536154	-0.286759
-0.0942478	0.628319	0	10.8326	-0.0256629	-0.636989	0.0843545	0.765222	-0.0301084
-0.0942478	0.628319	0	19.2398	-0.228346	0.704671	0.285665	0.536154	-0.286759
-0.0942478	1.25664	0	7.9397	-0.0466304	-0.204976	0.935966	-0.277449	-0.0529198
-0.0942478	1.25664	0	15.3437	-0.0256629	-0.636989	0.0843545	0.765222	-0.0301084
-0.0942478	1.88496	0	15.4582	-0.0466304	-0.204976	0.935966	-0.277449	-0.0529198
-0.0785398	-1.88496	-0	15.4541	-0.0472944	-0.210536	0.936651	-0.270851	-0.0525521
-0.0785398	-1.25664	-0	7.9356	-0.0472944	-0.210536	0.936651	-0.270851	-0.0525521
-0.0785398	-1.25664	-0	15.3646	-0.0217852	-0.649106	0.0704178	0.756709	-0.0248889
-0.0785398	-0.628319	-0	10.8535	-0.0217852	-0.649106	0.0704178	0.756709	-0.0248889
-0.0785398	-0.628319	-0	19.2037	-0.233172	0.692541	0.28751	0.551326	-0.281771
-0.0785398	5.44979e-15	0	9.34977	-0.0217852	-0.649106	0.0704178	0.756709	-0.0248889
-0.0785398	5.44979e-15	0	17.7	-0.233172	0.692541	0.28751	0.551326	-0.281771
-0.0785398	0.628319	0	10.8535	-0.0217852	-0.649106	0.0704178	0.756709	-0.0248889
-0.0785398	0.628319	0	19.2037	-0.233172	0.692541	0.28751	0.551326	-0.281771
-0.0785398	1.25664	0	7.9356	-0.0472944	-0.210536	0.936651	-0.270851	-0.0525521
-0.0785398	1.25664	0	15.3646	-0.0217852	-0.649106	0.0704178	0.756709	-0.0248889
-0.0785398	1.88496	0	15.4541	-0.0472944	-0.210536	0.936651	-0.270851	-0.0525521
-0.0628319	-1.88496	-0	15.4508	-0.0479354	-0.21617	0.937209	-0.26437	-0.0521524
-0.0628319	-1.25664	-0	7.93222	-0.0479354	-0.21617	0.937209	-0.26437	-0.0521524
-0.0628319	-1.25664	-0	15.3819	-0.0177381	-0.661114	0.0564166	0.747691	-0.0197333
-0.0628319	-0.628319	-0	10.8707	-0.0177381	-0.661114	0.0564166	0.747691	-0.0197333
-0.0628319	-0.628319	-0	19.1739	-0.237999	0.67994	0.289037	0.566447	-0.276828
-0.0628319	5.44979e-15	0	9.36704	-0.0177381	-0.661114	0.0564166	0.747691	-0.0197333
-0.0628319	5.44979e-15	0	17.6702	-0.237999	0.67994	0.289037	0.566447	-0.276828
-0.0628319	0.628319	0	10.8707	-0.0177381	-0.661114	0.0564166	0.747691	-0.0197333
-0.0628319	0.628319	0	19.1739	-0.237999	0.67994	0.289037	0.566447	-0.276828
-0.0628319	1.25664	0	7.93222	-0.0479354	-0.21617	0.937209	-0.26437	-0.0521524
-0.0628319	1.25664	0	15.3819	-0.0177381	-0.661114	0.0564166	0.747691	-0.0197333
-0.0628319	1.88496	0	15.4508	-0.0479354	-0.21617	0.937209	-0.26437	-0.0521524
-0.0471239	-1.88496	-0	15.4481	-0.0485529	-0.221881	0.937642	-0.258	-0.0517218
-0.0471239	-1.25664	-0	7.92959	-0.0485529	-0.221881	0.937642	-0.258	-0.0517218
-0.0471239	-1.25664	-0	15.3954	-0.0135279	-0.672966	0.0423616	0.73819	-0.0146541
-0.0471239	-0.628319	-0	10.8843	-0.0135279	-0.672966	0.0423616	0.73819	-0.0146541
-0.0471239	-0.628319	-0	19.1505	-0.242827	0.666897	0.290235	0.581469	-0.271919
-0.0471239	5.44979e-15	0	9.3806	-0.0135279	-0.672966	0.0423616	0.73819	-0.0146541
-0.0471239	5.44979e-15	0	17.6468	-0.242827	0.666897	0.290235	0.581469	-0.271919
-0.0471239	0.628319	0	10.8843	-0.0135279	-0.672966	0.0423616	0.73819	-0.0146541
-0.0471239	0.628319	0	19.1505	-0.242827	0.666897	0.290235	0.581469	-0.271919
-0.0471239	1.25664	0	7.92959	-0.0485529	-0.221881	0.937642	-0.258	-0.0517218
-0.0471239	1.25664	0	15.3954	-0.0135279	-0.672966	0.0423616	0.73819	-0.0146541
-0.0471239	1.88496	0	15.4481	-0.0485529	-0.221881	0.937642	-0.258	-0.0517218
-0.0314159	-1.88496	-0	15.4462	-0.0491461	-0.227673	0.93795	-0.251738	-0.0512617
-0.0314159	-1.25664	-0	7.9277	-0.0491461	-0.227673	0.93795	-0.251738	-0.0512617
-0.0314159	-1.25664	-0	15.4052	-0.00916198	-0.684613	0.0282649	0.728236	-0.0096638
-0.0314159	-0.628319	-0	10.8941	-0.00916198	-0.684613	0.0282649	0.728236	-0.0096638
-0.0314159	-0.628319	-0	19.1338	-0.247656	0.653446	0.291097	0.596345	-0.267038
-0.0314159	5.44979e-15	0	9.39036	-0.00916198	-0.684613	0.0282649	0.728236	-0.0096638
-0.0314159	5.44979e-15	0	17.6301	-0.247656	0.653446	0.291097	0.596345	-0.267038
-0.0314159	0.628319	0	10.8941	-0.00916198	-0.684613	0.0282649	0.728236	-0.0096638
-0.0314159	0.628319	0	19.1338	-0.247656	0.653446	0.291097	0.596345	-0.267038
-0.0314159	1.25664	0	7.9277	-0.0491461	-0.227673	0.93795	-0.251738	-0.0512617
-0.0314159	1.25664	0	15.4052	-0.00916198	-0.684613	0.0282649	0.728236	-0.0096638
-0.0314159	1.88496	0	15.4462	-0.0491461	-0.227673	0.93795	-0.251738	-0.0512617
-0.015708	-1.88496	-0	15.4451	-0.0497144	-0.233551	0.938134	-0.245579	-0.0507731
-0.015708	-1.25664	-0	7.92657	-0.0497144	-0.233551	0.938134	-0.245579	-0.0507731
-0.015708	-1.25664	-0	15.4111	-0.00464934	-0.696009	0.0141397	0.717863	-0.00477498
-0.015708	-0.628319	-0	10.8999	-0.00464934	-0.696009	0.0141397	0.717863	-0.00477498
-0.015708	-0.628319	-0	19.1237	-0.252489	0.639623	0.291617	0.611028	-0.262176
-0.015708	5.44979e-15	0	9.39624	-0.00464934	-0.696009	0.0141397	0.717863	-0.00477498
-0.015708	5.44979e-15	0	17.62	-0.252489	0.639623	0.291617	0.611028	-0.262176
-0.015708	0.628319	0	10.8999	-0.00464934	-0.696009	0.0141397	0.717863	-0.00477498
-0.015708	0.628319	0	19.1237	-0.252489	0.639623	0.291617	0.611028	-0.262176
-0.015708	1.25664	0	7.92657	-0.0497144	-0.233551	0.938134	-0.245579	-0.0507731
-0.015708	1.25664	0	15.4111	-0.00464934	-0.696009	0.0141397	0.717863	-0.00477498
-0.015708	1.88496	0	15.4451	-0.0497144	-0.233551	0.938134	-0.245579	-0.0507731
0	-1.88496	0	15.4447	-0.050257	-0.239518	0.938196	-0.239518	-0.050257
0	-1.25664	0	7.92619	-0.050257	-0.239518	0.938196	-0.239518	-0.050257
0	-0.628319	0	19.1203	-0.257328	0.625469	0.291791	0.625469	-0.257328
0	5.44979e-15	0	17.6166	-0.257328	0.625469	0.291791	0.625469	-0.257328
0	0.628319	0	19.1203	-0.257328	0.625469	0.291791	0.625469	-0.257328
0	1.25664	0	7.92619	-0.050257	-0.239518	0.938196	-0.239518	-0.050257
0	1.88496	0	15.4447	-0.050257	-0.239518	0.938196	-0.239518	-0.050257
0.015708	-1.88496	0	15.4451	-0.0507731	-0.245579	0.938134	-0.233551	-0.0497144
0.015708	-1.25664	0	7.92657	-0.0507731	-0.245579	0.938134	-0.233551	-0.0497144
0.015708	-1.25664	0	15.4111	-0.00477498	0.717863	0.0141397	-0.696009	-0.00464934
0.015708	-0.628319	0	10.8999	-0.00477498	0.717863	0.0141397	-0.696009	-0.00464934
0.015708	-0.628319	0	19.1237	-0.262176	0.611028	0.291617	0.639623	-0.252489
0.015708	5.44979e-15	0	9.39624	-0.00477498	0.717863	0.0141397	-0.696009	-0.00464934
0.015708	5.44979e-15	0	17.62	-0.262176	0.611028	0.291617	0.639623	-0.252489
0.015708	0.628319	0	10.8999	-0.00477498	0.717863	0.0141397	-0.696009	-0.00464934
0.015708	0.628319	0	19.1237	-0.262176	0.611028	0.291617	0.639623	-0.252489
0.015708	1.25664	0	7.92657	-0.0507731	-0.245579	0.938134	-0.233551	-0.0497144
0.015708	1.25664	0	15.4111	-0.00477498	0.717863	0.0141397	-0.696009	-0.00464934
0.015708	1.88496	0	15.4451	-0.0507731	-0.245579	0.938134	-0.233551	-0.0497144
0.0314159	-1.88496	0	15.4462	-0.0512617	-0.251738	0.93795	-0.227673	-0.0491461
0.0314159	-1.25664	0	7.9277	-0.0512617	-0.251738	0.93795	-0.227673	-0.0491461
0.0314159	-1.25664	0	15.4052	-0.0096638	0.728236	0.0282649	-0.684613	-0.00916198
0.0314159	-0.628319	0	10.8941	-0.0096638	0.728236	0.0282649	-0.684613	-0.00916198
0.0314159	-0.628319	0	19.1338	-0.267038	0.596345	0.291097	0.653446	-0.247656
0.0314159	5.44979e-15	0	9.39036	-0.0096638	0.728236	0.0282649	-0.684613	-0.00916198
0.0314159	5.44979e-15	0	17.6301	-0.267038	0.596345	0.291097	0.653446	-0.247656
0.0314159	0.628319	0	10.8941	-0.0096638	0.728236	0.0282649	-0.684613	-0.00916198
0.0314159	0.628319	0	19.1338	-0.267038	0.596345	0.291097	0.653446	-0.247656
0.0314159	1.25664	0	7.9277	-0.0512617	-0.251738	0.93795	-0.227673	-0.0491461
0.0314159	1.25664	0	15.4052	-0.0096638	0.728236	0.0282649	-0.684613	-0.00916198
0.0314159	1.88496	0	15.4462	-0.0512617	-0.251738	0.93795	-0.227673	-0.0491461
0.0471239	-1.88496	0	15.4481	-0.0517218	-0.258	0.937642	-0.221881	-0.0485529
0.0471239	-1.25664	0	7.92959	-0.0517218	-0.258	0.937642	-0.221881	-0.0485529
0.0471239	-1.25664	0	15.3954	-0.0146541	0.73819	0.0423616	-0.672966	-0.0135279
0.0471239	-0.628319	0	10.8843	-0.0146541	0.73819	0.0423616	-0.672966	-0.0135279
0.0471239	-0.628319	0	19.1505	-0.271919	0.581469	0.290235	0.666897	-0.242827
0.0471239	5.44979e-15	0	9.3806	-0.0146541	0.73819	0.0423616	-0.672966	-0.0135279
0.0471239	5.44979e-15	0	17.6468	-0.271919	0.581469	0.290235	0.666897	-0.242827
0.0471239	0.628319	0	10.8843	-0.0146541	0.73819	0.0423616	-0.672966	-0.0135279
0.0471239	0.628319	0	19.1505	-0.271919	0.581469	0.290235	0.666897	-0.242827
0.0471239	1.25664	0	7.92959	-0.0517218	-0.258	0.937642	-0.221881	-0.0485529
0.0471239	1.25664	0	15.3954	-0.0146541	0.73819	0.0423616	-0.672966	-0.0135279
0.0471239	1.88496	0	15.4481	-0.0517218	-0.258	0.937642	-0.221881	-0.0485529
0.0628319	-1.88496	0	15.4508	-0.0521524	-0.26437	0.937209	-0.21617	-0.0479354
0.0628319	-1.25664	0	7.93222	-0.0521524	-0.26437	0.937209	-0.21617	-0.0479354
0.0628319	-1.25664	0	15.3819	-0.0197333	0.747691	0.0564166	-0.661114	-0.0177381
0.0628319	-0.628319	0	10.8707	-0.0197333	0.747691	0.0564166	-0.661114	-0.0177381
0.0628319	-0.628319	0	19.1739	-0.276828	0.566447	0.289037	0.67994	-0.237999
0.0628319	5.44979e-15	0	9.36704	-0.0197333	0.747691	0.0564166	-0.661114	-0.0177381
0.0628319	5.44979e-15	0	17.6702	-0.276828	0.566447	0.289037	0.67994	-0.237999
0.0628319	0.628319	0	10.8707	-0.0197333	0.747691	0.0564166	-0.661114	-0.0177381
0.0628319	0.628319	0	19.1739	-0.276828	0.566447	0.289037	0.67994	-0.237999
0.0628319	1.25664	0	7.93222	-0.0521524	-0.26437	0.937209	-0.21617	-0.0479354
0.0628319	1.25664	0	15.3819	-0.0197333	0.747691	0.0564166	-0.661114	-0.0177381
0.0628319	1.88496	0	15.4508	-0.0521524	-0.26437	0.937209	-0.21617	-0.0479354
0.0785398	-1.88496	0	15.4541	-0.0525521	-0.270851	0.936651	-0.210536	-0.0472944
0.0785398	-1.25664	0	7.9356	-0.0525521	-0.270851	0.936651	-0.210536	-0.0472944
0.0785398	-1.25664	0	15.3646	-0.0248889	0.756709	0.0704178	-0.649106	-0.0217852
0.0785398	-0.628319	0	10.8535	-0.0248889	0.756709	0.0704178	-0.649106	-0.0217852
0.0785398	-0.628319	0	19.2037	-0.281771	0.551326	0.28751	0.692541	-0.233172
0.0785398	5.44979e-15	0	9.34977	-0.0248889	0.756709	0.0704178	-0.649106	-0.0217852
0.0785398	5.44979e-15	0	17.7	-0.281771	0.551326	0.28751	0.692541	-0.233172
0.0785398	0.628319	0	10.8535	-0.0248889	0.756709	0.0704178	-0.649106	-0.0217852
0.0785398	0.628319	0	19.2037	-0.281771	0.551326	0.28751	0.692541	-0.233172
0.0785398	1.25664	0	7.9356	-0.0525521	-0.270851	0.936651	-0.210536	-0.0472944
0.0785398	1.25664	0	15.3646	-0.0248889	0.756709	0.0704178	-0.649106	-0.0217852
0.0785398	1.88496	0	15.4541	-0.0525521	-0.270851	0.936651	-0.210536	-0.0472944
0.0942478	-1.88496	0	15.4582	-0.0529198	-0.277449	0.935966	-0.204976	-0.0466304
0.0942478	-1.25664	0	7.9397	-0.0529198	-0.277449	0.935966	-0.204976	-0.0466304
0.0942478	-1.25664	0	15.3437	-0.0301084	0.765222	0.0843545	-0.636989	-0.0256629
0.0942478	-0.628319	0	10.8326	-0.0301084	0.765222	0.0843545	-0.636989	-0.0256629
0.0942478	-0.628319	0	19.2398	-0.286759	0.536154	0.285665	0.704671	-0.228346
0.0942478	5.44979e-15	0	9.32891	-0.0301084	0.765222	0.0843545	-0.636989	-0.0256629
0.0942478	5.44979e-15	0	17.7361	-0.286759	0.536154	0.285665	0.704671	-0.228346
0.0942478	0.628319	0	10.8326	-0.0301084	0.765222	0.0843545	-0.636989	-0.0256629
0.0942478	0.628319	0	19.2398	-0.286759	0.536154	0.285665	0.704671	-0.228346
0.0942478	1.25664	0	7.9397	-0.0529198	-0.277449	0.935966	-0.204976	-0.0466304
0.0942478	1.25664	0	15.3437	-0.0301084	0.765222	0.0843545	-0.636989	-0.0256629
0.0942478	1.88496	0	15.4582	-0.0529198	-0.277449	0.935966	-0.204976	-0.0466304
0.109956	-1.88496	0	15.4631	-0.0532539	-0.284168	0.935151	-0.199484	-0.0459438
0.109956	-1.25664	0	7.94453	-0.0532539	-0.284168	0.935151	-0.199484	-0.0459438
0.109956	-1.25664	0	15.3194	-0.0353799	0.773209	0.098218	-0.624809	-0.0293667
0.109956	-0.628319	0	10.8083	-0.0353799	0.773209	0.098218	-0.624809	-0.0293667
0.109956	-0.628319	0	19.2821	-0.291801	0.520974	0.283513	0.716308	-0.223521
0.109956	5.44979e-15	0	9.30459	-0.0353799	0.773209	0.098218	-0.624809	-0.0293667
0.109956	5.44979e-15	0	17.7784	-0.291801	0.520974	0.283513	0.716308	-0.223521
0.109956	0.628319	0	10.8083	-0.0353799	0.773209	0.098218	-0.624809	-0.0293667
0.109956	0.628319	0	19.2821	-0.291801	0.520974	0.283513	0.716308	-0.223521
0.109956	1.25664	0	7.94453	-0.0532539	-0.284168	0.935151	-0.199484	-0.0459438
0.109956	1.25664	0	15.3194	-0.0353799	0.773209	0.098218	-0.624809	-0.0293667
0.109956	1.88496	0	15.4631	-0.0532539	-0.284168	0.935151	-0.199484	-0.0459438
0.125664	-1.88496	0	15.4686	-0.0535531	-0.291013	0.934205	-0.194058	-0.0452351
0.125664	-1.25664	0	7.95007	-0.0535531	-0.291013	0.934205	-0.194058	-0.0452351
0.125664	-1.25664	0	15.2918	-0.0406923	0.780656	0.112001	-0.612612	-0.0328933
0.125664	-0.628319	0	10.7807	-0.0406923	0.780656	0.112001	-0.612612	-0.0328933
0.125664	-0.628319	0	19.3305	-0.29691	0.505828	0.281066	0.727431	-0.218697
0.125664	5.44979e-15	0	9.27699	-0.0406923	0.780656	0.112001	-0.612612	-0.0328933
0.125664	5.44979e-15	0	17.8268	-0.29691	0.505828	0.281066	0.727431	-0.218697
0.125664	0.628319	0	10.7807	-0.0406923	0.780656	0.112001	-0.612612	-0.0328933
0.125664	0.628319	0	19.3305	-0.29691	0.505828	0.281066	0.727431	-0.218697
0.125664	1.25664	0	7.95007	-0.0535531	-0.291013	0.934205	-0.194058	-0.0452351
0.125664	1.25664	0	15.2918	-0.0406923	0.780656	0.112001	-0.612612	-0.0328933
0.125664	1.88496	0	15.4686	-0.0535531	-0.291013	0.934205	-0.194058	-0.0452351
0.141372	-1.88496	0	15.4748	-0.0538156	-0.297989	0.933124	-0.188693	-0.0445048
0.141372	-1.25664	0	7.9563	-0.0538156	-0.297989	0.933124	-0.188693	-0.0445048
0.141372	-1.25664	0	15.2611	-0.0460352	0.787553	0.125699	-0.60044	-0.0362412
0.141372	-0.628319	0	10.75	-0.0460352	0.787553	0.125699	-0.60044	-0.0362412
0.141372	-0.628319	0	19.3846	-0.302096	0.490755	0.278338	0.738026	-0.213875
0.141372	5.44979e-15	0	9.24628	-0.0460352	0.787553	0.125699	-0.60044	-0.0362412
0.141372	5.44979e-15	0	17.8809	-0.302096	0.490755	0.278338	0.738026	-0.213875
0.141372	0.628319	0	10.75	-0.0460352	0.787553	0.125699	-0.60044	-0.0362412
0.141372	0.628319	0	19.3846	-0.302096	0.490755	0.278338	0.738026	-0.213875
0.141372	1.25664	0	7.9563	-0.0538156	-0.297989	0.933124	-0.188693	-0.0445048
0.141372	1.25664	0	15.2611	-0.0460352	0.787553	0.125699	-0.60044	-0.0362412
0.141372	1.88496	0	15.4748	-0.0538156	-0.297989	0.933124	-0.188693	-0.0445048
0.15708	-1.88496	0	15.4817	-0.0540398	-0.3051	0.931906	-0.183387	-0.0437531
0.15708	-1.25664	0	7.96321	-0.0540398	-0.3051	0.931906	-0.183387	-0.0437531
0.15708	-1.25664	0	15.2275	-0.051399	0.793893	0.139308	-0.588331	-0.0394099
0.15708	-0.628319	0	10.7164	-0.051399	0.793893	0.139308	-0.588331	-0.0394099
0.15708	-0.628319	0	19.4442	-0.307374	0.475788	0.275343	0.748083	-0.209056
0.15708	5.44979e-15	0	9.21265	-0.051399	0.793893	0.139308	-0.588331	-0.0394099
0.15708	5.44979e-15	0	17.9405	-0.307374	0.475788	0.275343	0.748083	-0.209056
0.15708	0.628319	0	10.7164	-0.051399	0.793893	0.139308	-0.588331	-0.0394099
0.15708	0.628319	0	19.4442	-0.307374	0.475788	0.275343	0.748083	-0.209056
0.15708	1.25664	0	7.96321	-0.0540398	-0.3051	0.931906	-0.183387	-0.0437531
0.15708	1.25664	0	15.2275	-0.051399	0.793893	0.139308	-0.588331	-0.0394099
0.15708	1.88496	0	15.4817	-0.0540398	-0.3051	0.931906	-0.183387	-0.0437531
0.172788	-1.88496	0	15.4893	-0.0542237	-0.31235	0.930547	-0.178135	-0.0429803
0.172788	-1.25664	0	7.97078	-0.0542237	-0.31235	0.930547	-0.178135	-0.0429803
0.172788	-1.25664	0	15.1911	-0.0567753	0.799673	0.152829	-0.576321	-0.0424006
0.172788	-0.628319	0	10.68	-0.0567753	0.799673	0.152829	-0.576321	-0.0424006
0.172788	-0.628319	0	19.5092	-0.312757	0.46096	0.272095	0.757595	-0.20424
0.172788	5.44979e-15	0	9.17631	-0.0567753	0.799673	0.152829	-0.576321	-0.0424006
0.172788	5.44979e-15	0	18.0055	-0.312757	0.46096	0.272095	0.757595	-0.20424
0.172788	0.628319	0	10.68	-0.0567753	0.799673	0.152829	-0.576321	-0.0424006
0.172788	0.628319	0	19.5092	-0.312757	0.46096	0.272095	0.757595	-0.20424
0.172788	1.25664	0	7.97078	-0.0542237	-0.31235	0.930547	-0.178135	-0.0429803
0.172788	1.25664	0	15.1911	-0.0567753	0.799673	0.152829	-0.576321	-0.0424006
0.172788	1.88496	0	15.4893	-0.0542237	-0.31235	0.930547	-0.178135	-0.0429803
0.188496	-1.88496	0	15.4975	-0.0543654	-0.319745	0.929044	-0.172934	-0.0421867
0.188496	-1.25664	0	7.97899	-0.0543654	-0.319745	0.929044	-0.172934	-0.0421867
0.188496	-1.25664	0	15.1523	-0.0621568	0.804894	0.16626	-0.564443	-0.0452153
0.188496	-0.628319	0	10.6412	-0.0621568	0.804894	0.16626	-0.564443	-0.0452153
0.188496	-0.628319	0	19.5792	-0.318259	0.446295	0.268608	0.766558	-0.199427
0.188496	5.44979e-15	0	9.13747	-0.0621568	0.804894	0.16626	-0.564443	-0.0452153
0.188496	5.44979e-15	0	18.0755	-0.318259	0.446295	0.268608	0.766558	-0.199427
0.188496	0.628319	0	10.6412	-0.0621568	0.804894	0.16626	-0.564443	-0.0452153
0.188496	0.628319	0	19.5792	-0.318259	0.446295	0.268608	0.766558	-0.199427
0.188496	1.25664	0	7.97899	-0.0543654	-0.319745	0.929044	-0.172934	-0.0421867
0.188496	1.25664	0	15.1523	-0.0621568	0.804894	0.16626	-0.564443	-0.0452153
0.188496	1.88496	0	15.4975	-0.0543654	-0.319745	0.929044	-0.172934	-0.0421867
0.204204	-1.88496	0	15.5063	-0.0544628	-0.327288	0.927391	-0.167781	-0.0413725
0.204204	-1.25664	0	7.98781	-0.0544628	-0.327288	0.927391	-0.167781	-0.0413725
0.204204	-1.25664	0	15.1112	-0.0675373	0.809559	0.179606	-0.552724	-0.0478571
0.204204	-0.628319	0	10.6001	-0.0675373	0.809559	0.179606	-0.552724	-0.0478571
0.204204	-0.628319	0	19.654	-0.323896	0.431816	0.264895	0.774972	-0.194618
0.204204	5.44979e-15	0	9.09635	-0.0675373	0.809559	0.179606	-0.552724	-0.0478571
0.204204	5.44979e-15	0	18.1503	-0.323896	0.431816	0.264895	0.774972	-0.194618
0.204204	0.628319	0	10.6001	-0.0675373	0.809559	0.179606	-0.552724	-0.0478571
0.204204	0.628319	0	19.654	-0.323896	0.431816	0.264895	0.774972	-0.194618
0.204204	1.25664	0	7.98781	-0.0544628	-0.327288	0.927391	-0.167781	-0.0413725
0.204204	1.25664	0	15.1112	-0.0675373	0.809559	0.179606	-0.552724	-0.0478571
0.204204	1.88496	0	15.5063	-0.0544628	-0.327288	0.927391	-0.167781	-0.0413725
0.219911	-1.88496	0	15.5158	-0.0545137	-0.334985	0.925585	-0.162672	-0.0405379
0.219911	-1.25664	0	7.99722	-0.0545137	-0.334985	0.925585	-0.162672	-0.0405379
0.219911	-1.25664	0	15.068	-0.0729116	0.813674	0.192869	-0.54119	-0.0503303
0.219911	-0.628319	0	10.5569	-0.0729116	0.813674	0.192869	-0.54119	-0.0503303
0.219911	-0.628319	0	19.7332	-0.329682	0.41754	0.260969	0.782839	-0.189812
0.219911	5.44979e-15	0	9.05318	-0.0729116	0.813674	0.192869	-0.54119	-0.0503303
0.219911	5.44979e-15	0	18.2295	-0.329682	0.41754	0.260969	0.782839	-0.189812
0.219911	0.628319	0	10.5569	-0.0729116	0.813674	0.192869	-0.54119	-0.0503303
0.219911	0.628319	0	19.7332	-0.329682	0.41754	0.260969	0.782839	-0.189812
0.219911	1.25664	0	7.99722	-0.0545137	-0.334985	0.925585	-0.162672	-0.0405379
0.219911	1.25664	0	15.068	-0.0729116	0.813674	0.192869	-0.54119	-0.0503303
0.219911	1.88496	0	15.5158	-0.0545137	-0.334985	0.925585	-0.162672	-0.0405379
0.235619	-1.88496	0	15.5257	-0.0545156	-0.342839	0.923621	-0.157605	-0.0396831
0.235619	-1.25664	0	8.0072	-0.0545156	-0.342839	0.923621	-0.157605	-0.0396831
0.235619	-1.25664	0	15.023	-0.0782756	0.817245	0.206057	-0.529862	-0.0526394
0.235619	-0.628319	0	10.5119	-0.0782756	0.817245	0.206057	-0.529862	-0.0526394
0.235619	-0.628319	0	19.8167	-0.335632	0.403481	0.256842	0.790164	-0.185008
0.235619	5.44979e-15	0	9.00818	-0.0782756	0.817245	0.206057	-0.529862	-0.0526394
0.235619	5.44979e-15	0	18.313	-0.335632	0.403481	0.256842	0.790164	-0.185008
0.235619	0.628319	0	10.5119	-0.0782756	0.817245	0.206057	-0.529862	-0.0526394
0.235619	0.628319	0	19.8167	-0.335632	0.403481	0.256842	0.790164	-0.185008
0.235619	1.25664	0	8.0072	-0.0545156	-0.342839	0.923621	-0.157605	-0.0396831
0.235619	1.25664	0	15.023	-0.0782756	0.817245	0.206057	-0.529862	-0.0526394
0.235619	1.88496	0	15.5257	-0.0545156	-0.342839	0.923621	-0.157605	-0.0396831
0.251327	-1.88496	0	15.5362	-0.0544661	-0.350855	0.921493	-0.152577	-0.0388082
0.251327	-1.25664	0	8.0177	-0.0544661	-0.350855	0.921493	-0.152577	-0.0388082
0.251327	-1.25664	0	14.9764	-0.0836261	0.820281	0.219175	-0.518755	-0.0547899
0.251327	-0.628319	0	10.4653	-0.0836261	0.820281	0.219175	-0.518755	-0.0547899
0.251327	-0.628319	0	19.9041	-0.341763	0.389649	0.252524	0.79695	-0.180204
0.251327	5.44979e-15	0	8.96159	-0.0836261	0.820281	0.219175	-0.518755	-0.0547899
0.251327	5.44979e-15	0	18.4004	-0.341763	0.389649	0.252524	0.79695	-0.180204
0.251327	0.628319	0	10.4653	-0.0836261	0.820281	0.219175	-0.518755	-0.0547899
0.251327	0.628319	0	19.9041	-0.341763	0.389649	0.252524	0.79695	-0.180204
0.251327	1.25664	0	8.0177	-0.0544661	-0.350855	0.921493	-0.152577	-0.0388082
0.251327	1.25664	0	14.9764	-0.0836261	0.820281	0.219175	-0.518755	-0.0547899
0.251327	1.88496	0	15.5362	-0.0544661	-0.350855	0.921493	-0.152577	-0.0388082
0.267035	-1.88496	0	15.5472	-0.0543624	-0.359035	0.919195	-0.147585	-0.0379132
0.267035	-1.25664	0	8.02871	-0.0543624	-0.359035	0.919195	-0.147585	-0.0379132
0.267035	-1.25664	0	14.9284	-0.0889609	0.82279	0.232231	-0.507884	-0.0567874
0.267035	-0.628319	0	10.4173	-0.0889609	0.82279	0.232231	-0.507884	-0.0567874
0.267035	-0.628319	0	19.995	-0.34809	0.376049	0.248025	0.803205	-0.1754
0.267035	5.44979e-15	0	8.91362	-0.0889609	0.82279	0.232231	-0.507884	-0.0567874
0.267035	5.44979e-15	0	18.4913	-0.34809	0.376049	0.248025	0.803205	-0.1754
0.267035	0.628319	0	10.4173	-0.0889609	0.82279	0.232231	-0.507884	-0.0567874
0.267035	0.628319	0	19.995	-0.34809	0.376049	0.248025	0.803205	-0.1754
0.267035	1.25664	0	8.02871	-0.0543624	-0.359035	0.919195	-0.147585	-0.0379132
0.267035	1.25664	0	14.9284	-0.0889609	0.82279	0.232231	-0.507884	-0.0567874
0.267035	1.88496	0	15.5472	-0.0543624	-0.359035	0.919195	-0.147585	-0.0379132
0.282743	-1.88496	0	15.5587	-0.0542019	-0.367385	0.916722	-0.142627	-0.0369984
0.282743	-1.25664	0	8.04019	-0.0542019	-0.367385	0.916722	-0.142627	-0.0369984
0.282743	-1.25664	0	14.8793	-0.0942787	0.824783	0.245233	-0.497259	-0.0586381
0.282743	-0.628319	0	10.3682	-0.0942787	0.824783	0.245233	-0.497259	-0.0586381
0.282743	5.44979e-15	0	8.86452	-0.0942787	0.824783	0.245233	-0.497259	-0.0586381
0.282743	5.44979e-15	0	18.5856	-0.354628	0.362684	0.243353	0.808936	-0.170593
0.282743	0.628319	0	10.3682	-0.0942787	0.824783	0.245233	-0.497259	-0.0586381
0.282743	1.25664	0	8.04019	-0.0542019	-0.367385	0.916722	-0.142627	-0.0369984
0.282743	1.25664	0	14.8793	-0.0942787	0.824783	0.245233	-0.497259	-0.0586381
0.282743	1.88496	0	15.5587	-0.0542019	-0.367385	0.916722	-0.142627	-0.0369984
0.298451	-1.88496	0	15.5706	-0.0539817	-0.375906	0.914067	-0.137699	-0.0360637
0.298451	-1.25664	0	8.05209	-0.0539817	-0.375906	0.914067	-0.137699	-0.0360637
0.298451	-1.25664	0	14.8293	-0.0995788	0.826269	0.258191	-0.486888	-0.0603481
0.298451	-0.628319	0	10.3182	-0.0995788	0.826269	0.258191	-0.486888	-0.0603481
0.298451	5.44979e-15	0	8.81449	-0.0995788	0.826269	0.258191	-0.486888	-0.0603481
0.298451	5.44979e-15	0	18.6828	-0.361393	0.349552	0.238516	0.814147	-0.16578
0.298451	0.628319	0	10.3182	-0.0995788	0.826269	0.258191	-0.486888	-0.0603481
0.298451	1.25664	0	8.05209	-0.0539817	-0.375906	0.914067	-0.137699	-0.0360637
0.298451	1.25664	0	14.8293	-0.0995788	0.826269	0.258191	-0.486888	-0.0603481
0.298451	1.88496	0	15.5706	-0.0539817	-0.375906	0.914067	-0.137699	-0.0360637
0.314159	-1.88496	0	15.5829	-0.0536986	-0.384603	0.911224	-0.132801	-0.0351094
0.314159	-1.25664	0	8.06439	-0.0536986	-0.384603	0.911224	-0.132801	-0.0351094
0.314159	-1.25664	0	14.7786	-0.104861	0.827257	0.271112	-0.476775	-0.0619238
0.314159	-0.628319	0	10.2675	-0.104861	0.827257	0.271112	-0.476775	-0.0619238
0.314159	5.44979e-15	0	8.76376	-0.104861	0.827257	0.271112	-0.476775	-0.0619238
0.314159	5.44979e-15	0	18.7826	-0.368401	0.336652	0.233517	0.818846	-0.160958
0.314159	0.628319	0	10.2675	-0.104861	0.827257	0.271112	-0.476775	-0.0619238
0.314159	1.25664	0	8.06439	-0.0536986	-0.384603	0.911224	-0.132801	-0.0351094
0.314159	1.25664	0	14.7786	-0.104861	0.827257	0.271112	-0.476775	-0.0619238
0.314159	1.88496	0	15.5829	-0.0536986	-0.384603	0.911224	-0.132801	-0.0351094
0.329867	-1.88496	0	15.5956	-0.0533494	-0.393476	0.908185	-0.127929	-0.0341354
0.329867	-1.25664	0	8.07705	-0.0533494	-0.393476	0.908185	-0.127929	-0.0341354
0.329867	-1.25664	0	14.7274	-0.110127	0.827756	0.284008	-0.466921	-0.0633715
0.329867	-0.628319	0	10.2163	-0.110127	0.827756	0.284008	-0.466921	-0.0633715
0.329867	5.44979e-15	0	8.71255	-0.110127	0.827756	0.284008	-0.466921	-0.0633715
0.329867	5.44979e-15	0	18.8847	-0.375667	0.323975	0.228363	0.823038	-0.156123
0.329867	0.628319	0	10.2163	-0.110127	0.827756	0.284008	-0.466921	-0.0633715
0.329867	1.25664	0	8.07705	-0.0533494	-0.393476	0.908185	-0.127929	-0.0341354
0.329867	1.25664	0	14.7274	-0.110127	0.827756	0.284008	-0.466921	-0.0633715
0.329867	1.88496	0	15.5956	-0.0533494	-0.393476	0.908185	-0.127929	-0.0341354
0.345575	-1.88496	0	15.6085	-0.052931	-0.402529	0.904943	-0.123082	-0.033142
0.345575	-1.25664	0	8.09001	-0.052931	-0.402529	0.904943	-0.123082	-0.033142
0.345575	-1.25664	0	14.6759	-0.115376	0.827776	0.296885	-0.457328	-0.0646973
0.345575	-0.628319	0	10.1648	-0.115376	0.827776	0.296885	-0.457328	-0.0646973
0.345575	5.44979e-15	0	8.66106	-0.115376	0.827776	0.296885	-0.457328	-0.0646973
0.345575	5.44979e-15	0	18.9888	-0.383204	0.311515	0.223055	0.826726	-0.151272
0.345575	0.628319	0	10.1648	-0.115376	0.827776	0.296885	-0.457328	-0.0646973
0.345575	1.25664	0	8.09001	-0.052931	-0.402529	0.904943	-0.123082	-0.033142
0.345575	1.25664	0	14.6759	-0.115376	0.827776	0.296885	-0.457328	-0.0646973
0.345575	1.88496	0	15.6085	-0.052931	-0.402529	0.904943	-0.123082	-0.033142
0.361283	-1.88496	0	15.6218	-0.0524399	-0.411763	0.90149	-0.118259	-0.0321293
0.361283	-1.25664	0	8.10324	-0.0524399	-0.411763	0.90149	-0.118259	-0.0321293
0.361283	-1.25664	0	14.6243	-0.120612	0.827323	0.309753	-0.447994	-0.0659073
0.361283	-0.628319	0	10.1132	-0.120612	0.827323	0.309753	-0.447994	-0.0659073
0.361283	5.44979e-15	0	8.60949	-0.120612	0.827323	0.309753	-0.447994	-0.0659073
0.361283	5.44979e-15	0	19.0946	-0.391029	0.29926	0.217595	0.829915	-0.1464
0.361283	0.628319	0	10.1132	-0.120612	0.827323	0.309753	-0.447994	-0.0659073
0.361283	1.25664	0	8.10324	-0.0524399	-0.411763	0.90149	-0.118259	-0.0321293
0.361283	1.25664	0	14.6243	-0.120612	0.827323	0.309753	-0.447994	-0.0659073
0.361283	1.88496	0	15.6218	-0.0524399	-0.411763	0.90149	-0.118259	-0.0321293
