-0.785398	-0	-0	58.7384	1	0	0	0	0
-0.785398	-0	-0	21.1459	0	1	0	0	0
-0.785398	-0	-0	2.34954	0	0	1	0	0
-0.785398	-0	-0	2.34956	0	0	0	1	0
-0.785398	-0	-0	21.1458	0	0	0	0	1
-0.76969	-0	-0	58.2695	1	0	0	0	0
-0.76969	-0	-0	20.8649	0	1	0	0	0
-0.76969	-0	-0	2.2565	0	0	1	0	0
-0.76969	-0	-0	2.44448	0	0	0	1	0
-0.76969	-0	-0	21.4287	0	0	0	0	1
-0.753982	-0	-0	57.8024	1	0	0	0	0
-0.753982	-0	-0	20.5858	0	1	0	0	0
-0.753982	-0	-0	2.16534	0	0	1	0	0
-0.753982	-0	-0	2.54129	0	0	0	1	0
-0.753982	-0	-0	21.7135	0	0	0	0	1
-0.738274	-0	-0	57.3372	1	0	0	0	0
-0.738274	-0	-0	20.3086	0	1	0	0	0
-0.738274	-0	-0	2.07605	0	0	1	0	0
-0.738274	-0	-0	2.63997	0	0	0	1	0
-0.738274	-0	-0	22.0001	0	0	0	0	1
-0.722566	-0	-0	56.8739	1	0	0	0	0
-0.722566	-0	-0	20.0332	0	1	0	0	0
-0.722566	-0	-0	1.98865	0	0	1	0	0
-0.722566	-0	-0	2.74053	0	0	0	1	0
-0.722566	-0	-0	22.2886	0	0	0	0	1
-0.706858	-0	-0	56.4124	1	0	0	0	0
-0.706858	-0	-0	19.7597	0	1	0	0	0
-0.706858	-0	-0	1.90313	0	0	1	0	0
-0.706858	-0	-0	2.84297	0	0	0	1	0
-0.706858	-0	-0	22.579	0	0	0	0	1
-0.69115	-0	-0	55.9528	1	0	0	0	0
-0.69115	-0	-0	19.4881	0	1	0	0	0
-0.69115	-0	-0	1.81948	0	0	1	0	0
-0.69115	-0	-0	2.94729	0	0	0	1	0
-0.69115	-0	-0	22.8713	0	0	0	0	1
-0.675442	-0	-0	55.4951	1	0	0	0	0
-0.675442	-0	-0	19.2184	0	1	0	0	0
-0.675442	-0	-0	1.73772	0	0	1	0	0
-0.675442	-0	-0	3.05349	0	0	0	1	0
-0.675442	-0	-0	23.1655	0	0	0	0	1
-0.659734	-0	-0	55.0393	1	0	0	0	0
-0.659734	-0	-0	18.9505	0	1	0	0	0
-0.659734	-0	-0	1.65784	0	0	1	0	0
-0.659734	-0	-0	3.16157	0	0	0	1	0
-0.659734	-0	-0	23.4615	0	0	0	0	1
-0.644026	-0	-0	54.5854	1	0	0	0	0
-0.644026	-0	-0	18.6846	0	1	0	0	0
-0.644026	-0	-0	1.57983	0	0	1	0	0
-0.644026	-0	-0	3.27153	0	0	0	1	0
-0.644026	-0	-0	23.7594	0	0	0	0	1
-0.628319	-0	-0	54.1333	1	0	0	0	0
-0.628319	-0	-0	18.4205	0	1	0	0	0
-0.628319	-0	-0	1.50371	0	0	1	0	0
-0.628319	-0	-0	3.38337	0	0	0	1	0
-0.628319	-0	-0	24.0592	0	0	0	0	1
-0.612611	-0	-0	53.6832	1	0	0	0	0
-0.612611	-0	-0	18.1583	0	1	0	0	0
-0.612611	-0	-0	1.42946	0	0	1	0	0
-0.612611	-0	-0	3.49708	0	0	0	1	0
-0.612611	-0	-0	24.3609	0	0	0	0	1
-0.596903	-0	-0	53.2349	1	0	0	0	0
-0.596903	-0	-0	17.8979	0	1	0	0	0
-0.596903	-0	-0	1.35709	0	0	1	0	0
-0.596903	-0	-0	3.61268	0	0	0	1	0
-0.596903	-0	-0	24.6645	0	0	0	0	1
-0.581195	-0	-0	52.7885	1	0	0	0	0
-0.581195	-0	-0	17.6395	0	1	0	0	0
-0.581195	-0	-0	1.28661	0	0	1	0	0
-0.581195	-0	-0	3.73016	0	0	0	1	0
-0.581195	-0	-0	24.9699	0	0	0	0	1
-0.565487	-0	-0	52.3439	1	0	0	0	0
-0.565487	-0	-0	17.3829	0	1	0	0	0
-0.565487	-0	-0	1.218	0	0	1	0	0
-0.565487	-0	-0	3.84952	0	0	0	1	0
-0.565487	-0	-0	25.2773	0	0	0	0	1
-0.549779	-0	-0	51.9013	1	0	0	0	0
-0.549779	-0	-0	17.1282	0	1	0	0	0
-0.549779	-0	-0	1.15128	0	0	1	0	0
-0.549779	-0	-0	3.97075	0	0	0	1	0
-0.549779	-0	-0	25.5864	0	0	0	0	1
-0.534071	-0	-0	51.4605	1	0	0	0	0
-0.534071	-0	-0	16.8754	0	1	0	0	0
-0.534071	-0	-0	1.08643	0	0	1	0	0
-0.534071	-0	-0	4.09387	0	0	0	1	0
-0.534071	-0	-0	25.8975	0	0	0	0	1
-0.518363	-0	-0	51.0216	1	0	0	0	0
-0.518363	-0	-0	16.6245	0	1	0	0	0
-0.518363	-0	-0	1.02346	0	0	1	0	0
-0.518363	-0	-0	4.21887	0	0	0	1	0
-0.518363	-0	-0	26.2105	0	0	0	0	1
-0.502655	-0	-0	50.5846	1	0	0	0	0
-0.502655	-0	-0	16.3754	0	1	0	0	0
-0.502655	-0	-0	0.962372	0	0	1	0	0
-0.502655	-0	-0	4.34574	0	0	0	1	0
-0.502655	-0	-0	26.5253	0	0	0	0	1
-0.486947	-0	-0	50.1495	1	0	0	0	0
-0.486947	-0	-0	16.1282	0	1	0	0	0
-0.486947	-0	-0	0.903164	0	0	1	0	0
-0.486947	-0	-0	4.4745	0	0	0	1	0
-0.486947	-0	-0	26.842	0	0	0	0	1
-0.471239	-0	-0	49.7162	1	0	0	0	0
-0.471239	-0	-0	15.883	0	1	0	0	0
-0.471239	-0	-0	0.845835	0	0	1	0	0
-0.471239	-0	-0	4.60513	0	0	0	1	0
-0.471239	-0	-0	27.1606	0	0	0	0	1
-0.455531	-0	-0	49.2848	1	0	0	0	0
-0.455531	-0	-0	15.6395	0	1	0	0	0
-0.455531	-0	-0	0.790386	0	0	1	0	0
-0.455531	-0	-0	4.73765	0	0	0	1	0
-0.455531	-0	-0	27.4811	0	0	0	0	1
-0.439823	-0	-0	48.8553	1	0	0	0	0
-0.439823	-0	-0	15.398	0	1	0	0	0
-0.439823	-0	-0	0.736816	0	0	1	0	0
-0.439823	-0	-0	4.87204	0	0	0	1	0
-0.439823	-0	-0	27.8035	0	0	0	0	1
-0.424115	-0	-0	48.4277	1	0	0	0	0
-0.424115	-0	-0	15.1584	0	1	0	0	0
-0.424115	-0	-0	0.685126	0	0	1	0	0
-0.424115	-0	-0	5.00831	0	0	0	1	0
-0.424115	-0	-0	28.1277	0	0	0	0	1
-0.408407	-0	-0	48.002	1	0	0	0	0
-0.408407	-0	-0	14.9206	0	1	0	0	0
-0.408407	-0	-0	0.635316	0	0	1	0	0
-0.408407	-0	-0	5.14647	0	0	0	1	0
-0.408407	-0	-0	28.4538	0	0	0	0	1
-0.392699	-0	-0	47.5781	1	0	0	0	0
-0.392699	-0	-0	14.6847	0	1	0	0	0
-0.392699	-0	-0	0.587385	0	0	1	0	0
-0.392699	-0	-0	5.2865	0	0	0	1	0
-0.392699	-0	-0	28.7818	0	0	0	0	1
-0.376991	-0	-0	47.1562	1	0	0	0	0
-0.376991	-0	-0	14.4507	0	1	0	0	0
-0.376991	-0	-0	0.541334	0	0	1	0	0
-0.376991	-0	-0	5.42841	0	0	0	1	0
-0.376991	-0	-0	29.1117	0	0	0	0	1
-0.361283	-0	-0	46.7361	1	0	0	0	0
-0.361283	-0	-0	14.2185	0	1	0	0	0
-0.361283	-0	-0	0.497163	0	0	1	0	0
-0.361283	-0	-0	5.57221	0	0	0	1	0
-0.361283	-0	-0	29.4435	0	0	0	0	1
-0.345575	-0	-0	46.3178	1	0	0	0	0
-0.345575	-0	-0	13.9883	0	1	0	0	0
-0.345575	-0	-0	0.454871	0	0	1	0	0
-0.345575	-0	-0	5.71788	0	0	0	1	0
-0.345575	-0	-0	29.7771	0	0	0	0	1
-0.329867	-0	-0	45.9015	1	0	0	0	0
-0.329867	-0	-0	13.7599	0	1	0	0	0
-0.329867	-0	-0	0.414459	0	0	1	0	0
-0.329867	-0	-0	5.86543	0	0	0	1	0
-0.329867	-0	-0	30.1126	0	0	0	0	1
-0.314159	-0	-0	45.487	1	0	0	0	0
-0.314159	-0	-0	13.5334	0	1	0	0	0
-0.314159	-0	-0	0.375927	0	0	1	0	0
-0.314159	-0	-0	6.01486	0	0	0	1	0
-0.314159	-0	-0	30.45	0	0	0	0	1
-0.298451	-0	-0	45.0745	1	0	0	0	0
-0.298451	-0	-0	13.3088	0	1	0	0	0
-0.298451	-0	-0	0.339274	0	0	1	0	0
-0.298451	-0	-0	6.16617	0	0	0	1	0
-0.298451	-0	-0	30.7893	0	0	0	0	1
-0.282743	-0	-0	44.6638	1	0	0	0	0
-0.282743	-0	-0	13.0861	0	1	0	0	0
-0.282743	-0	-0	0.304501	0	0	1	0	0
-0.282743	-0	-0	6.31936	0	0	0	1	0
-0.282743	-0	-0	31.1304	0	0	0	0	1
-0.267035	-0	-0	44.2549	1	0	0	0	0
-0.267035	-0	-0	12.8652	0	1	0	0	0
-0.267035	-0	-0	0.271607	0	0	1	0	0
-0.267035	-0	-0	6.47443	0	0	0	1	0
-0.267035	-0	-0	31.4735	0	0	0	0	1
-0.251327	-0	-0	43.848	1	0	0	0	0
-0.251327	-0	-0	12.6462	0	1	0	0	0
-0.251327	-0	-0	0.240593	0	0	1	0	0
-0.251327	-0	-0	6.63138	0	0	0	1	0
-0.251327	-0	-0	31.8184	0	0	0	0	1
-0.235619	-0	-0	43.4429	1	0	0	0	0
-0.235619	-0	-0	12.4291	0	1	0	0	0
-0.235619	-0	-0	0.211459	0	0	1	0	0
-0.235619	-0	-0	6.79021	0	0	0	1	0
-0.235619	-0	-0	32.1652	0	0	0	0	1
-0.219911	-0	-0	43.0398	1	0	0	0	0
-0.219911	-0	-0	12.2139	0	1	0	0	0
-0.219911	-0	-0	0.184204	0	0	1	0	0
-0.219911	-0	-0	6.95092	0	0	0	1	0
-0.219911	-0	-0	32.5138	0	0	0	0	1
-0.204204	-0	-0	42.6385	1	0	0	0	0
-0.204204	-0	-0	12.0006	0	1	0	0	0
-0.204204	-0	-0	0.158829	0	0	1	0	0
-0.204204	-0	-0	7.11351	0	0	0	1	0
-0.204204	-0	-0	32.8644	0	0	0	0	1
-0.188496	-0	-0	42.239	1	0	0	0	0
-0.188496	-0	-0	11.7891	0	1	0	0	0
-0.188496	-0	-0	0.135334	0	0	1	0	0
-0.188496	-0	-0	7.27798	0	0	0	1	0
-0.188496	-0	-0	33.2168	0	0	0	0	1
-0.172788	-0	-0	41.8415	1	0	0	0	0
-0.172788	-0	-0	11.5795	0	1	0	0	0
-0.172788	-0	-0	0.113718	0	0	1	0	0
-0.172788	-0	-0	7.44432	0	0	0	1	0
-0.172788	-0	-0	33.5711	0	0	0	0	1
-0.15708	-0	-0	41.4458	1	0	0	0	0
-0.15708	-0	-0	11.3718	0	1	0	0	0
-0.15708	-0	-0	0.0939816	0	0	1	0	0
-0.15708	-0	-0	7.61255	0	0	0	1	0
-0.15708	-0	-0	33.9273	0	0	0	0	1
-0.141372	-0	-0	41.0521	1	0	0	0	0
-0.141372	-0	-0	11.166	0	1	0	0	0
-0.141372	-0	-0	0.0761251	0	0	1	0	0
-0.141372	-0	-0	7.78266	0	0	0	1	0
-0.141372	-0	-0	34.2854	0	0	0	0	1
-0.125664	-0	-0	40.6602	1	0	0	0	0
-0.125664	-0	-0	10.9621	0	1	0	0	0
-0.125664	-0	-0	0.0601483	0	0	1	0	0
-0.125664	-0	-0	7.95465	0	0	0	1	0
-0.125664	-0	-0	34.6453	0	0	0	0	1
-0.109956	-0	-0	40.2701	1	0	0	0	0
-0.109956	-0	-0	10.76	0	1	0	0	0
-0.109956	-0	-0	0.046051	0	0	1	0	0
-0.109956	-0	-0	8.12851	0	0	0	1	0
-0.109956	-0	-0	35.0072	0	0	0	0	1
-0.0942478	-0	-0	39.882	1	0	0	0	0
-0.0942478	-0	-0	10.5598	0	1	0	0	0
-0.0942478	-0	-0	0.0338334	0	0	1	0	0
-0.0942478	-0	-0	8.30426	0	0	0	1	0
-0.0942478	-0	-0	35.3709	0	0	0	0	1
-0.0785398	-0	-0	39.4957	1	0	0	0	0
-0.0785398	-0	-0	10.3615	0	1	0	0	0
-0.0785398	-0	-0	0.0234954	0	0	1	0	0
-0.0785398	-0	-0	8.48188	0	0	0	1	0
-0.0785398	-0	-0	35.7365	0	0	0	0	1
-0.0628319	-0	-0	39.1113	1	0	0	0	0
-0.0628319	-0	-0	10.1651	0	1	0	0	0
-0.0628319	-0	-0	0.0150371	0	0	1	0	0
-0.0628319	-0	-0	8.66139	0	0	0	1	0
-0.0628319	-0	-0	36.1039	0	0	0	0	1
-0.0471239	-0	-0	38.7288	1	0	0	0	0
-0.0471239	-0	-0	9.97056	0	1	0	0	0
-0.0471239	-0	-0	0.00845835	0	0	1	0	0
-0.0471239	-0	-0	8.84278	0	0	0	1	0
-0.0471239	-0	-0	36.4733	0	0	0	0	1
-0.0314159	-0	-0	38.3482	1	0	0	0	0
-0.0314159	-0	-0	9.77789	0	1	0	0	0
-0.0314159	-0	-0	0.00375927	0	0	1	0	0
-0.0314159	-0	-0	9.02604	0	0	0	1	0
-0.0314159	-0	-0	36.8445	0	0	0	0	1
-0.015708	-0	-0	37.9695	1	0	0	0	0
-0.015708	-0	-0	9.58711	0	1	0	0	0
-0.015708	-0	-0	0.000939816	0	0	1	0	0
-0.015708	-0	-0	9.21118	0	0	0	1	0
-0.015708	-0	-0	37.2176	0	0	0	0	1
4.85032e-016	0	0	37.5926	1	0	0	0	0
4.85032e-016	0	0	9.39821	0	1	0	0	0
4.85032e-016	0	0	8.96073e-031	0	0	1	0	0
4.85032e-016	0	0	9.39821	0	0	0	1	0
4.85032e-016	0	0	37.5926	0	0	0	0	1
0.015708	0	0	37.2176	1	0	0	0	0
0.015708	0	0	9.21118	0	1	0	0	0
0.015708	0	0	0.000939816	0	0	1	0	0
0.015708	0	0	9.58711	0	0	0	1	0
0.015708	0	0	37.9695	0	0	0	0	1
0.0314159	0	0	36.8445	1	0	0	0	0
0.0314159	0	0	9.02604	0	1	0	0	0
0.0314159	0	0	0.00375927	0	0	1	0	0
0.0314159	0	0	9.77789	0	0	0	1	0
0.0314159	0	0	38.3482	0	0	0	0	1
0.0471239	0	0	36.4733	1	0	0	0	0
0.0471239	0	0	8.84278	0	1	0	0	0
0.0471239	0	0	0.00845835	0	0	1	0	0
0.0471239	0	0	9.97056	0	0	0	1	0
0.0471239	0	0	38.7288	0	0	0	0	1
0.0628319	0	0	36.1039	1	0	0	0	0
0.0628319	0	0	8.66139	0	1	0	0	0
0.0628319	0	0	0.0150371	0	0	1	0	0
0.0628319	0	0	10.1651	0	0	0	1	0
0.0628319	0	0	39.1113	0	0	0	0	1
0.0785398	0	0	35.7365	1	0	0	0	0
0.0785398	0	0	8.48188	0	1	0	0	0
0.0785398	0	0	0.0234954	0	0	1	0	0
0.0785398	0	0	10.3615	0	0	0	1	0
0.0785398	0	0	39.4957	0	0	0	0	1
0.0942478	0	0	35.3709	1	0	0	0	0
0.0942478	0	0	8.30426	0	1	0	0	0
0.0942478	0	0	0.0338334	0	0	1	0	0
0.0942478	0	0	10.5598	0	0	0	1	0
0.0942478	0	0	39.882	0	0	0	0	1
0.109956	0	0	35.0072	1	0	0	0	0
0.109956	0	0	8.12851	0	1	0	0	0
0.109956	0	0	0.046051	0	0	1	0	0
0.109956	0	0	10.76	0	0	0	1	0
0.109956	0	0	40.2701	0	0	0	0	1
0.125664	0	0	34.6453	1	0	0	0	0
0.125664	0	0	7.95465	0	1	0	0	0
0.125664	0	0	0.0601483	0	0	1	0	0
0.125664	0	0	10.9621	0	0	0	1	0
0.125664	0	0	40.6602	0	0	0	0	1
0.141372	0	0	34.2854	1	0	0	0	0
0.141372	0	0	7.78266	0	1	0	0	0
0.141372	0	0	0.0761251	0	0	1	0	0
0.141372	0	0	11.166	0	0	0	1	0
0.141372	0	0	41.0521	0	0	0	0	1
0.15708	0	0	33.9273	1	0	0	0	0
0.15708	0	0	7.61255	0	1	0	0	0
0.15708	0	0	0.0939816	0	0	1	0	0
0.15708	0	0	11.3718	0	0	0	1	0
0.15708	0	0	41.4458	0	0	0	0	1
0.172788	0	0	33.5711	1	0	0	0	0
0.172788	0	0	7.44432	0	1	0	0	0
0.172788	0	0	0.113718	0	0	1	0	0
0.172788	0	0	11.5795	0	0	0	1	0
0.172788	0	0	41.8415	0	0	0	0	1
0.188496	0	0	33.2168	1	0	0	0	0
0.188496	0	0	7.27798	0	1	0	0	0
0.188496	0	0	0.135334	0	0	1	0	0
0.188496	0	0	11.7891	0	0	0	1	0
0.188496	0	0	42.239	0	0	0	0	1
0.204204	0	0	32.8644	1	0	0	0	0
0.204204	0	0	7.11351	0	1	0	0	0
0.204204	0	0	0.158829	0	0	1	0	0
0.204204	0	0	12.0006	0	0	0	1	0
0.204204	0	0	42.6385	0	0	0	0	1
0.219911	0	0	32.5138	1	0	0	0	0
0.219911	0	0	6.95092	0	1	0	0	0
0.219911	0	0	0.184204	0	0	1	0	0
0.219911	0	0	12.2139	0	0	0	1	0
0.219911	0	0	43.0398	0	0	0	0	1
0.235619	0	0	32.1652	1	0	0	0	0
0.235619	0	0	6.79021	0	1	0	0	0
0.235619	0	0	0.211459	0	0	1	0	0
0.235619	0	0	12.4291	0	0	0	1	0
0.235619	0	0	43.4429	0	0	0	0	1
0.251327	0	0	31.8184	1	0	0	0	0
0.251327	0	0	6.63138	0	1	0	0	0
0.251327	0	0	0.240593	0	0	1	0	0
0.251327	0	0	12.6462	0	0	0	1	0
0.251327	0	0	43.848	0	0	0	0	1
0.267035	0	0	31.4735	1	0	0	0	0
0.267035	0	0	6.47443	0	1	0	0	0
0.267035	0	0	0.271607	0	0	1	0	0
0.267035	0	0	12.8652	0	0	0	1	0
0.267035	0	0	44.2549	0	0	0	0	1
0.282743	0	0	31.1304	1	0	0	0	0
0.282743	0	0	6.31936	0	1	0	0	0
0.282743	0	0	0.304501	0	0	1	0	0
0.282743	0	0	13.0861	0	0	0	1	0
0.282743	0	0	44.6638	0	0	0	0	1
0.298451	0	0	30.7893	1	0	0	0	0
0.298451	0	0	6.16617	0	1	0	0	0
0.298451	0	0	0.339274	0	0	1	0	0
0.298451	0	0	13.3088	0	0	0	1	0
0.298451	0	0	45.0745	0	0	0	0	1
0.314159	0	0	30.45	1	0	0	0	0
0.314159	0	0	6.01486	0	1	0	0	0
0.314159	0	0	0.375927	0	0	1	0	0
0.314159	0	0	13.5334	0	0	0	1	0
0.314159	0	0	45.487	0	0	0	0	1
0.329867	0	0	30.1126	1	0	0	0	0
0.329867	0	0	5.86543	0	1	0	0	0
0.329867	0	0	0.414459	0	0	1	0	0
0.329867	0	0	13.7599	0	0	0	1	0
0.329867	0	0	45.9015	0	0	0	0	1
0.345575	0	0	29.7771	1	0	0	0	0
0.345575	0	0	5.71788	0	1	0	0	0
0.345575	0	0	0.454871	0	0	1	0	0
0.345575	0	0	13.9883	0	0	0	1	0
0.345575	0	0	46.3178	0	0	0	0	1
0.361283	0	0	29.4435	1	0	0	0	0
0.361283	0	0	5.57221	0	1	0	0	0
0.361283	0	0	0.497163	0	0	1	0	0
0.361283	0	0	14.2185	0	0	0	1	0
0.361283	0	0	46.7361	0	0	0	0	1
0.376991	0	0	29.1117	1	0	0	0	0
0.376991	0	0	5.42841	0	1	0	0	0
0.376991	0	0	0.541334	0	0	1	0	0
0.376991	0	0	14.4507	0	0	0	1	0
0.376991	0	0	47.1562	0	0	0	0	1
0.392699	0	0	28.7818	1	0	0	0	0
0.392699	0	0	5.2865	0	1	0	0	0
0.392699	0	0	0.587385	0	0	1	0	0
0.392699	0	0	14.6847	0	0	0	1	0
0.392699	0	0	47.5781	0	0	0	0	1
0.408407	0	0	28.4538	1	0	0	0	0
0.408407	0	0	5.14647	0	1	0	0	0
0.408407	0	0	0.635316	0	0	1	0	0
0.408407	0	0	14.9206	0	0	0	1	0
0.408407	0	0	48.002	0	0	0	0	1
0.424115	0	0	28.1277	1	0	0	0	0
0.424115	0	0	5.00831	0	1	0	0	0
0.424115	0	0	0.685126	0	0	1	0	0
0.424115	0	0	15.1584	0	0	0	1	0
0.424115	0	0	48.4277	0	0	0	0	1
0.439823	0	0	27.8035	1	0	0	0	0
0.439823	0	0	4.87204	0	1	0	0	0
0.439823	0	0	0.736816	0	0	1	0	0
0.439823	0	0	15.398	0	0	0	1	0
0.439823	0	0	48.8553	0	0	0	0	1
0.455531	0	0	27.4811	1	0	0	0	0
0.455531	0	0	4.73765	0	1	0	0	0
0.455531	0	0	0.790386	0	0	1	0	0
0.455531	0	0	15.6395	0	0	0	1	0
0.455531	0	0	49.2848	0	0	0	0	1
0.471239	0	0	27.1606	1	0	0	0	0
0.471239	0	0	4.60513	0	1	0	0	0
0.471239	0	0	0.845835	0	0	1	0	0
0.471239	0	0	15.883	0	0	0	1	0
0.471239	0	0	49.7162	0	0	0	0	1
0.486947	0	0	26.842	1	0	0	0	0
0.486947	0	0	4.4745	0	1	0	0	0
0.486947	0	0	0.903164	0	0	1	0	0
0.486947	0	0	16.1282	0	0	0	1	0
0.486947	0	0	50.1495	0	0	0	0	1
0.502655	0	0	26.5253	1	0	0	0	0
0.502655	0	0	4.34574	0	1	0	0	0
0.502655	0	0	0.962372	0	0	1	0	0
0.502655	0	0	16.3754	0	0	0	1	0
0.502655	0	0	50.5846	0	0	0	0	1
0.518363	0	0	26.2105	1	0	0	0	0
0.518363	0	0	4.21887	0	1	0	0	0
0.518363	0	0	1.02346	0	0	1	0	0
0.518363	0	0	16.6245	0	0	0	1	0
0.518363	0	0	51.0216	0	0	0	0	1
0.534071	0	0	25.8975	1	0	0	0	0
0.534071	0	0	4.09387	0	1	0	0	0
0.534071	0	0	1.08643	0	0	1	0	0
0.534071	0	0	16.8754	0	0	0	1	0
0.534071	0	0	51.4605	0	0	0	0	1
0.549779	0	0	25.5864	1	0	0	0	0
0.549779	0	0	3.97075	0	1	0	0	0
0.549779	0	0	1.15128	0	0	1	0	0
0.549779	0	0	17.1282	0	0	0	1	0
0.549779	0	0	51.9013	0	0	0	0	1
0.565487	0	0	25.2773	1	0	0	0	0
0.565487	0	0	3.84952	0	1	0	0	0
0.565487	0	0	1.218	0	0	1	0	0
0.565487	0	0	17.3829	0	0	0	1	0
0.565487	0	0	52.3439	0	0	0	0	1
0.581195	0	0	24.9699	1	0	0	0	0
0.581195	0	0	3.73016	0	1	0	0	0
0.581195	0	0	1.28661	0	0	1	0	0
0.581195	0	0	17.6395	0	0	0	1	0
0.581195	0	0	52.7885	0	0	0	0	1
0.596903	0	0	24.6645	1	0	0	0	0
0.596903	0	0	3.61268	0	1	0	0	0
0.596903	0	0	1.35709	0	0	1	0	0
0.596903	0	0	17.8979	0	0	0	1	0
0.596903	0	0	53.2349	0	0	0	0	1
0.612611	0	0	24.3609	1	0	0	0	0
0.612611	0	0	3.49708	0	1	0	0	0
0.612611	0	0	1.42946	0	0	1	0	0
0.612611	0	0	18.1583	0	0	0	1	0
0.612611	0	0	53.6832	0	0	0	0	1
0.628319	0	0	24.0592	1	0	0	0	0
0.628319	0	0	3.38337	0	1	0	0	0
0.628319	0	0	1.50371	0	0	1	0	0
0.628319	0	0	18.4205	0	0	0	1	0
0.628319	0	0	54.1333	0	0	0	0	1
0.644026	0	0	23.7594	1	0	0	0	0
0.644026	0	0	3.27153	0	1	0	0	0
0.644026	0	0	1.57983	0	0	1	0	0
0.644026	0	0	18.6846	0	0	0	1	0
0.644026	0	0	54.5854	0	0	0	0	1
0.659734	0	0	23.4615	1	0	0	0	0
0.659734	0	0	3.16157	0	1	0	0	0
0.659734	0	0	1.65784	0	0	1	0	0
0.659734	0	0	18.9505	0	0	0	1	0
0.659734	0	0	55.0393	0	0	0	0	1
0.675442	0	0	23.1655	1	0	0	0	0
0.675442	0	0	3.05349	0	1	0	0	0
0.675442	0	0	1.73772	0	0	1	0	0
0.675442	0	0	19.2184	0	0	0	1	0
0.675442	0	0	55.4951	0	0	0	0	1
0.69115	0	0	22.8713	1	0	0	0	0
0.69115	0	0	2.94729	0	1	0	0	0
0.69115	0	0	1.81948	0	0	1	0	0
0.69115	0	0	19.4881	0	0	0	1	0
0.69115	0	0	55.9528	0	0	0	0	1
0.706858	0	0	22.579	1	0	0	0	0
0.706858	0	0	2.84297	0	1	0	0	0
0.706858	0	0	1.90313	0	0	1	0	0
0.706858	0	0	19.7597	0	0	0	1	0
0.706858	0	0	56.4124	0	0	0	0	1
0.722566	0	0	22.2886	1	0	0	0	0
0.722566	0	0	2.74053	0	1	0	0	0
0.722566	0	0	1.98865	0	0	1	0	0
0.722566	0	0	20.0332	0	0	0	1	0
0.722566	0	0	56.8739	0	0	0	0	1
0.738274	0	0	22.0001	1	0	0	0	0
0.738274	0	0	2.63997	0	1	0	0	0
0.738274	0	0	2.07605	0	0	1	0	0
0.738274	0	0	20.3086	0	0	0	1	0
0.738274	0	0	57.3372	0	0	0	0	1
0.753982	0	0	21.7135	1	0	0	0	0
0.753982	0	0	2.54129	0	1	0	0	0
0.753982	0	0	2.16534	0	0	1	0	0
0.753982	0	0	20.5858	0	0	0	1	0
0.753982	0	0	57.8024	0	0	0	0	1
0.76969	0	0	21.4287	1	0	0	0	0
0.76969	0	0	2.44448	0	1	0	0	0
0.76969	0	0	2.2565	0	0	1	0	0
0.76969	0	0	20.8649	0	0	0	1	0
0.76969	0	0	58.2695	0	0	0	0	1
