0	0	0	1.0135	-0.0422008	-0.194457	0.959589	-0.194457	-0.0422008
0	0	0	9.73932	-0.172191	0.662043	0.253176	0.662043	-0.172191
0	0	0	29.3212	0.684521	0.154549	0.122845	0.154549	0.684521
0.0251327	0	0	1.015	-0.0430524	-0.204025	0.959416	-0.185299	-0.0412914
0.0251327	0	0	6.00444	-0.00963356	0.74337	0.0282104	-0.668153	-0.00913346
0.0251327	0	0	9.75435	-0.177885	0.618314	0.252202	0.703406	-0.166309
0.0251327	0	0	24.0217	0.762814	0.0184488	0.0140137	0.0189485	-0.645925
0.0251327	0	0	29.3647	0.620102	0.152061	0.122157	0.155228	0.743864
0.0502655	0	0	1.01947	-0.0438419	-0.214053	0.958895	-0.176504	-0.0403276
0.0502655	0	0	5.97374	-0.0194933	0.775867	0.055997	-0.62786	-0.0175245
0.0502655	0	0	9.79887	-0.183435	0.573619	0.249363	0.741248	-0.160256
0.0502655	0	0	23.9127	0.809833	0.0355437	0.0273152	0.0375088	-0.583742
0.0502655	0	0	29.4915	0.555176	0.14802	0.120237	0.154217	0.794752
0.0753982	0	0	1.02689	-0.0445633	-0.224596	0.958015	-0.168027	-0.0393114
0.0753982	0	0	5.9243	-0.0293223	0.803947	0.0830245	-0.587614	-0.0250031
0.0753982	0	0	9.87132	-0.188945	0.529359	0.244889	0.774831	-0.154096
0.0753982	0	0	23.7416	0.84709	0.050763	0.0394353	0.0550778	-0.524665
0.0753982	0	0	29.6923	0.493855	0.142924	0.117427	0.151921	0.835949
0.100531	0	0	1.03721	-0.0452091	-0.235714	0.956759	-0.159827	-0.0382437
0.100531	0	0	5.85837	-0.0389191	0.827407	0.1091	-0.548624	-0.0314892
0.100531	0	0	9.96942	-0.194567	0.486712	0.239092	0.803874	-0.14791
0.100531	0	0	23.5203	0.875296	0.0639904	0.0502219	0.0714529	-0.471311
0.100531	0	0	29.9553	0.438682	0.137304	0.114116	0.148825	0.868063
0.125664	0	0	1.05036	-0.04577	-0.24747	0.955104	-0.151864	-0.0371247
0.125664	0	0	5.77862	-0.0481545	0.846399	0.134185	-0.511777	-0.0369858
0.125664	0	0	10.0905	-0.200472	0.446511	0.232304	0.828476	-0.141777
0.125664	0	0	23.2608	0.896019	0.0753961	0.0597587	0.0867457	-0.4247
0.150796	0	0	1.06623	-0.0462346	-0.259932	0.953016	-0.1441	-0.0359534
0.150796	0	0	5.6878	-0.0569679	0.861296	0.158367	-0.477616	-0.0415571
0.150796	0	0	10.2316	-0.206842	0.40922	0.224827	0.848987	-0.135755
0.150796	0	0	22.9733	0.910931	0.0852777	0.0682447	0.101236	-0.384741
0.175929	0	0	1.08472	-0.0465892	-0.273176	0.950456	-0.136498	-0.0347281
0.175929	0	0	5.58856	-0.0653531	0.87256	0.181823	-0.446382	-0.0453021
0.175929	0	0	10.3901	-0.213854	0.375	0.216903	0.865868	-0.129877
0.175929	0	0	22.6663	0.921451	0.0939502	0.0759059	0.115261	-0.350791
0.201062	0	0	1.10567	-0.0468171	-0.287281	0.947371	-0.129024	-0.0334461
0.201062	0	0	5.48331	-0.0733402	0.880653	0.204778	-0.418092	-0.0483331
0.201062	0	0	10.5635	-0.221681	0.343787	0.208706	0.8796	-0.12415
0.201062	0	0	22.346	0.928653	0.101695	0.0829524	0.129163	-0.322021
0.226195	0	0	1.12891	-0.0468989	-0.302332	0.943699	-0.121643	-0.032104
0.226195	0	0	5.37422	-0.0809804	0.885983	0.227481	-0.392621	-0.0507615
0.226195	0	0	10.7494	-0.230496	0.315377	0.20035	0.890625	-0.118561
0.226195	0	0	22.0176	0.933301	0.108746	0.089563	0.143266	-0.29762
0.251327	0	0	1.15422	-0.0468115	-0.318419	0.939365	-0.114322	-0.0306977
0.251327	0	0	5.26314	-0.0883347	0.888879	0.250181	-0.369764	-0.0526886
0.251327	0	0	10.9457	-0.240481	0.28949	0.191896	0.899307	-0.113083
0.251327	0	0	21.685	0.935913	0.115287	0.0958855	0.157883	-0.276867
0.27646	0	0	1.18136	-0.0465279	-0.335634	0.934278	-0.107028	-0.0292225
0.27646	0	0	5.15173	-0.0954665	0.889585	0.273117	-0.349275	-0.0542028
0.27646	0	0	11.1505	-0.251832	0.265811	0.183363	0.90593	-0.107673
0.27646	0	0	21.3512	0.936819	0.121468	0.102041	0.173323	-0.259158
0.301593	0	0	1.21002	-0.0460168	-0.354073	0.928333	-0.0997311	-0.0276728
0.301593	0	0	5.04142	-0.102437	0.888268	0.296514	-0.330906	-0.0553782
0.301593	0	0	11.362	-0.264774	0.244019	0.174733	0.91069	-0.102284
0.301593	0	0	21.019	0.936204	0.127403	0.108127	0.189902	-0.244002
0.326726	0	0	1.23988	-0.0452424	-0.373827	0.921407	-0.0924011	-0.0260432
0.326726	0	0	4.93349	-0.109304	0.885021	0.320577	-0.31441	-0.0562755
0.326726	0	0	11.5784	-0.279562	0.223796	0.16596	0.913694	-0.0968543
0.326726	0	0	20.6908	0.934134	0.133184	0.114228	0.20796	-0.230999
0.351858	0	0	1.27054	-0.044164	-0.394979	0.913358	-0.0850111	-0.0243276
0.351858	0	0	4.82912	-0.116118	0.879873	0.345486	-0.299561	-0.0569431
0.351858	0	0	11.7979	-0.296498	0.204833	0.156971	0.914961	-0.0913171
0.351858	0	0	20.3687	0.930573	0.138882	0.12041	0.227868	-0.219827
0.376991	0	0	1.30155	-0.0427367	-0.417601	0.904026	-0.0775378	-0.0225207
0.376991	0	0	4.72937	-0.122924	0.8728	0.371393	-0.286146	-0.0574186
0.376991	0	0	12.0185	-0.315932	0.186829	0.147664	0.914413	-0.0855944
0.376991	0	0	20.0551	0.92538	0.144551	0.126728	0.250044	-0.210228
0.402124	0	0	1.33243	-0.0409117	-0.441739	0.893237	-0.0699632	-0.0206178
0.402124	0	0	4.63528	-0.129761	0.863733	0.398413	-0.273972	-0.0577301
0.402124	0	0	12.238	-0.338269	0.169487	0.137909	0.911863	-0.0795975
0.402124	0	0	19.7524	0.918305	0.150222	0.133224	0.274956	-0.201989
0.427257	0	0	1.3626	-0.0386376	-0.467401	0.880805	-0.0622768	-0.018616
0.427257	0	0	4.54781	-0.136658	0.85257	0.426614	-0.262862	-0.0578976
0.427257	0	0	12.4538	-0.363959	0.15251	0.127545	0.906998	-0.073226
0.427257	0	0	19.4633	0.908974	0.155907	0.139918	0.303123	-0.194931
0.452389	0	0	1.39146	-0.0358632	-0.49455	0.866541	-0.0544784	-0.0165149
0.452389	0	0	4.46793	-0.143639	0.839188	0.456006	-0.252652	-0.0579337
0.452389	0	0	12.6628	-0.393483	0.135595	0.116378	0.899353	-0.0663689
0.452389	0	0	19.1911	0.896865	0.161585	0.146805	0.335096	-0.188897
0.477522	0	0	1.41837	-0.0325402	-0.523079	0.850268	-0.0465809	-0.0143177
0.477522	0	0	4.39657	-0.150717	0.823463	0.486524	-0.243191	-0.0578447
0.477522	0	0	12.8612	-0.427295	0.118439	0.104182	0.888295	-0.0589098
0.477522	0	0	18.9397	0.881294	0.167192	0.153836	0.371408	-0.183733
0.502655	0	0	1.44265	-0.0286282	-0.552805	0.831836	-0.0386136	-0.0120326
0.502655	0	0	4.3346	-0.157898	0.805289	0.518017	-0.234338	-0.0576323
0.502655	0	0	13.0445	-0.465723	0.100744	0.0907132	0.873012	-0.0507395
0.502655	0	0	18.7136	0.861416	0.1726	0.160903	0.412481	-0.179281
0.527788	0	0	1.46365	-0.0240999	-0.583457	0.811151	-0.0306239	-0.00967358
0.527788	0	0	4.28289	-0.165182	0.784606	0.550241	-0.225967	-0.0572941
0.527788	0	0	13.2073	-0.50881	0.0822544	0.0757371	0.852564	-0.0417812
0.527788	0	0	18.5185	0.83628	0.177604	0.167813	0.458456	-0.175355
0.55292	0	0	1.48073	-0.0189462	-0.614673	0.788195	-0.0226784	-0.00726128
0.55292	0	0	4.24219	-0.172562	0.761425	0.582854	-0.217961	-0.056826
0.55292	0	0	13.3436	-0.556081	0.0628077	0.0590854	0.826022	-0.0320306
0.55292	0	0	18.3604	0.804985	0.181908	0.174272	0.508963	-0.171741
0.578053	0	0	1.49335	-0.0131812	-0.646015	0.763051	-0.0148608	-0.00482273
0.578053	0	0	4.21314	-0.180033	0.735853	0.61543	-0.210222	-0.0562234
0.578053	0	0	13.4468	-0.606328	0.0424114	0.040735	0.792743	-0.0216061
0.578053	0	0	18.2458	0.766966	0.185144	0.179895	0.562879	-0.168198
0.603186	0	0	1.5011	-0.00684454	-0.676994	0.735917	-0.00726768	-0.00239041
0.603186	0	0	4.19623	-0.187591	0.708109	0.647486	-0.202669	-0.0554834
0.603186	0	0	13.5114	-0.657531	0.0213113	0.0208884	0.752759	-0.0107862
0.603186	0	0	18.1805	0.722379	0.186941	0.184262	0.618232	-0.164495
0.125664	0	0	21.7134	1	0	0	0	0
0.125664	0	0	4.87203	0	1	0	0	0
0.125664	0	0	0.0601483	0	0	1	0	0
0.125664	0	0	7.27797	0	0	0	1	0
0.125664	0	0	26.5253	0	0	0	0	1
0.150796	0	0	21.2587	1	0	0	0	0
0.150796	0	0	4.65791	0	1	0	0	0
0.150796	0	0	0.0866135	0	0	1	0	0
0.150796	0	0	7.54503	0	0	0	1	0
0.150796	0	0	27.0329	0	0	0	0	1
0.175929	0	0	20.8088	1	0	0	0	0
0.175929	0	0	4.44859	0	1	0	0	0
0.175929	0	0	0.117891	0	0	1	0	0
0.175929	0	0	7.8169	0	0	0	1	0
0.175929	0	0	27.5454	0	0	0	0	1
0.226195	0	0	19.9234	1	0	0	0	0
0.226195	0	0	4.04439	0	1	0	0	0
0.226195	0	0	0.19488	0	0	1	0	0
0.226195	0	0	8.37508	0	0	0	1	0
0.226195	0	0	28.5848	0	0	0	0	1
0.251327	0	0	19.488	1	0	0	0	0
0.251327	0	0	3.84951	0	1	0	0	0
0.251327	0	0	0.240593	0	0	1	0	0
0.251327	0	0	8.66138	0	0	0	1	0
0.251327	0	0	29.1117	0	0	0	0	1
0.27646	0	0	19.0573	1	0	0	0	0
0.27646	0	0	3.65944	0	1	0	0	0
0.27646	0	0	0.291118	0	0	1	0	0
0.27646	0	0	8.9525	0	0	0	1	0
0.27646	0	0	29.6434	0	0	0	0	1
0.301593	0	0	18.6315	1	0	0	0	0
0.301593	0	0	3.47418	0	1	0	0	0
0.301593	0	0	0.346454	0	0	1	0	0
0.301593	0	0	9.24843	0	0	0	1	0
0.301593	0	0	30.1799	0	0	0	0	1
0.326726	0	0	18.2104	1	0	0	0	0
0.326726	0	0	3.29374	0	1	0	0	0
0.326726	0	0	0.406602	0	0	1	0	0
0.326726	0	0	9.54917	0	0	0	1	0
0.326726	0	0	30.7212	0	0	0	0	1
0.351858	0	0	17.7942	1	0	0	0	0
0.351858	0	0	3.11811	0	1	0	0	0
0.351858	0	0	0.471562	0	0	1	0	0
0.351858	0	0	9.85473	0	0	0	1	0
0.351858	0	0	31.2674	0	0	0	0	1
0.376991	0	0	17.3828	1	0	0	0	0
0.376991	0	0	2.94728	0	1	0	0	0
0.376991	0	0	0.541334	0	0	1	0	0
0.376991	0	0	10.1651	0	0	0	1	0
0.376991	0	0	31.8183	0	0	0	0	1
0.402124	0	0	16.9762	1	0	0	0	0
0.402124	0	0	2.78127	0	1	0	0	0
0.402124	0	0	0.615918	0	0	1	0	0
0.402124	0	0	10.4803	0	0	0	1	0
0.402124	0	0	32.3741	0	0	0	0	1
0.427257	0	0	16.5744	1	0	0	0	0
0.427257	0	0	2.62008	0	1	0	0	0
0.427257	0	0	0.695314	0	0	1	0	0
0.427257	0	0	10.8003	0	0	0	1	0
0.427257	0	0	32.9347	0	0	0	0	1
0.452389	0	0	16.1774	1	0	0	0	0
0.452389	0	0	2.46369	0	1	0	0	0
0.452389	0	0	0.779521	0	0	1	0	0
0.452389	0	0	11.1251	0	0	0	1	0
0.452389	0	0	33.5001	0	0	0	0	1
0.502655	0	0	15.3979	1	0	0	0	0
0.502655	0	0	2.16535	0	1	0	0	0
0.502655	0	0	0.962372	0	0	1	0	0
0.502655	0	0	11.7891	0	0	0	1	0
0.502655	0	0	34.6453	0	0	0	0	1
0.527788	0	0	15.0153	1	0	0	0	0
0.527788	0	0	2.0234	0	1	0	0	0
0.527788	0	0	1.06102	0	0	1	0	0
0.527788	0	0	12.1283	0	0	0	1	0
0.527788	0	0	35.2251	0	0	0	0	1
0.55292	0	0	14.6376	1	0	0	0	0
0.55292	0	0	1.88626	0	1	0	0	0
0.55292	0	0	1.16447	0	0	1	0	0
0.55292	0	0	12.4724	0	0	0	1	0
0.55292	0	0	35.8098	0	0	0	0	1
0.603186	0	0	13.8966	1	0	0	0	0
0.603186	0	0	1.62642	0	1	0	0	0
0.603186	0	0	1.38582	0	0	1	0	0
0.603186	0	0	13.1749	0	0	0	1	0
0.603186	0	0	36.9935	0	0	0	0	1
