0	0	0	2.57693	-0.00450816	-0.331172	0.883521	-0.331172	-0.00450816
0	0	0	12.1759	-0.17723	0.605342	0.451996	0.605342	-0.17723
0.0251327	0	0	2.08863	-0.0504429	-0.472896	0.874179	-0.0969479	0.015393
0.0251327	0	0	7.25518	0.0121722	0.344008	0.0819021	-0.929932	0.100137
0.0251327	0	0	12.6112	-0.335142	0.773012	0.434392	0.31807	-0.016348
0.0251327	0	0	26.8405	0.707433	0.193282	0.159636	0.0237063	-0.660405
0.0502655	0	0	2.09114	-0.0503218	-0.486444	0.866013	-0.103173	0.0147535
0.0502655	0	0	7.23964	0.000732162	0.392285	0.110618	-0.9091	0.0860973
0.0502655	0	0	12.6358	-0.355656	0.737968	0.438265	0.368934	-0.0268929
0.0502655	0	0	26.7382	0.75017	0.207313	0.176784	0.0547472	-0.600014
0.0753982	0	0	2.09531	-0.0498192	-0.499958	0.857727	-0.108013	0.014054
0.0753982	0	0	7.21423	-0.0114671	0.437668	0.141827	-0.884814	0.0728237
0.0753982	0	0	12.6768	-0.374923	0.699881	0.439471	0.418534	-0.0359619
0.0753982	0	0	26.5778	0.782896	0.219607	0.193044	0.0847678	-0.542582
0.100531	0	0	2.10112	-0.0489464	-0.513692	0.849217	-0.111243	0.0134217
0.100531	0	0	7.17964	-0.02413	0.478735	0.174858	-0.857897	0.0605661
0.100531	0	0	12.7337	-0.393024	0.659682	0.438039	0.46542	-0.0431048
0.100531	0	0	26.3709	0.806295	0.229998	0.208218	0.113467	-0.490672
0.125664	0	0	1.05036	-0.04577	-0.24747	0.955104	-0.151864	-0.0371247
0.125664	0	0	5.77862	-0.0481545	0.846399	0.134185	-0.511777	-0.0369858
0.125664	0	0	10.0905	-0.200472	0.446511	0.232304	0.828476	-0.141777
0.125664	0	0	23.2608	0.896019	0.0753961	0.0597587	0.0867457	-0.4247
0.150796	0	0	1.06623	-0.0462346	-0.259932	0.953016	-0.1441	-0.0359534
0.150796	0	0	5.6878	-0.0569679	0.861296	0.158367	-0.477616	-0.0415571
0.150796	0	0	10.2316	-0.206842	0.40922	0.224827	0.848987	-0.135755
0.150796	0	0	22.9733	0.910931	0.0852777	0.0682447	0.101236	-0.384741
0.175929	0	0	1.08472	-0.0465892	-0.273176	0.950456	-0.136498	-0.0347281
0.175929	0	0	5.58856	-0.0653531	0.87256	0.181823	-0.446382	-0.0453021
0.175929	0	0	10.3901	-0.213854	0.375	0.216903	0.865868	-0.129877
0.175929	0	0	22.6663	0.921451	0.0939502	0.0759059	0.115261	-0.350791
0.201062	0	0	2.18912	0.00564266	-0.585888	0.804265	-0.0992953	-0.00140231
0.201062	0	0	7.09323	0.0149058	0.567488	0.319632	-0.758663	0.000237398
0.201062	0	0	13.8701	-0.237611	0.55764	0.483733	0.61621	-0.137353
0.226195	0	0	1.12891	-0.0468989	-0.302332	0.943699	-0.121643	-0.032104
0.226195	0	0	5.37422	-0.0809804	0.885983	0.227481	-0.392621	-0.0507615
0.226195	0	0	10.7494	-0.230496	0.315377	0.20035	0.890625	-0.118561
0.226195	0	0	22.0176	0.933301	0.108746	0.089563	0.143266	-0.29762
0.251327	0	0	1.15422	-0.0468115	-0.318419	0.939365	-0.114322	-0.0306977
0.251327	0	0	5.26314	-0.0883347	0.888879	0.250181	-0.369764	-0.0526886
0.251327	0	0	10.9457	-0.240481	0.28949	0.191896	0.899307	-0.113083
0.251327	0	0	21.685	0.935913	0.115287	0.0958855	0.157883	-0.276867
0.27646	0	0	1.18136	-0.0465279	-0.335634	0.934278	-0.107028	-0.0292225
0.27646	0	0	5.15173	-0.0954665	0.889585	0.273117	-0.349275	-0.0542028
0.27646	0	0	11.1505	-0.251832	0.265811	0.183363	0.90593	-0.107673
0.27646	0	0	21.3512	0.936819	0.121468	0.102041	0.173323	-0.259158
0.301593	0	0	1.21002	-0.0460168	-0.354073	0.928333	-0.0997311	-0.0276728
0.301593	0	0	5.04142	-0.102437	0.888268	0.296514	-0.330906	-0.0553782
0.301593	0	0	11.362	-0.264774	0.244019	0.174733	0.91069	-0.102284
0.301593	0	0	21.019	0.936204	0.127403	0.108127	0.189902	-0.244002
0.326726	0	0	1.23988	-0.0452424	-0.373827	0.921407	-0.0924011	-0.0260432
0.326726	0	0	4.93349	-0.109304	0.885021	0.320577	-0.31441	-0.0562755
0.326726	0	0	11.5784	-0.279562	0.223796	0.16596	0.913694	-0.0968543
0.326726	0	0	20.6908	0.934134	0.133184	0.114228	0.20796	-0.230999
0.351858	0	0	1.27054	-0.044164	-0.394979	0.913358	-0.0850111	-0.0243276
0.351858	0	0	4.82912	-0.116118	0.879873	0.345486	-0.299561	-0.0569431
0.351858	0	0	11.7979	-0.296498	0.204833	0.156971	0.914961	-0.0913171
0.351858	0	0	20.3687	0.930573	0.138882	0.12041	0.227868	-0.219827
0.376991	0	0	1.30155	-0.0427367	-0.417601	0.904026	-0.0775378	-0.0225207
0.376991	0	0	4.72937	-0.122924	0.8728	0.371393	-0.286146	-0.0574186
0.376991	0	0	12.0185	-0.315932	0.186829	0.147664	0.914413	-0.0855944
0.376991	0	0	20.0551	0.92538	0.144551	0.126728	0.250044	-0.210228
0.402124	0	0	1.33243	-0.0409117	-0.441739	0.893237	-0.0699632	-0.0206178
0.402124	0	0	4.63528	-0.129761	0.863733	0.398413	-0.273972	-0.0577301
0.402124	0	0	12.238	-0.338269	0.169487	0.137909	0.911863	-0.0795975
0.402124	0	0	19.7524	0.918305	0.150222	0.133224	0.274956	-0.201989
0.427257	0	0	1.3626	-0.0386376	-0.467401	0.880805	-0.0622768	-0.018616
0.427257	0	0	4.54781	-0.136658	0.85257	0.426614	-0.262862	-0.0578976
0.427257	0	0	12.4538	-0.363959	0.15251	0.127545	0.906998	-0.073226
0.427257	0	0	19.4633	0.908974	0.155907	0.139918	0.303123	-0.194931
0.452389	0	0	1.39146	-0.0358632	-0.49455	0.866541	-0.0544784	-0.0165149
0.452389	0	0	4.46793	-0.143639	0.839188	0.456006	-0.252652	-0.0579337
0.452389	0	0	12.6628	-0.393483	0.135595	0.116378	0.899353	-0.0663689
0.452389	0	0	19.1911	0.896865	0.161585	0.146805	0.335096	-0.188897
0.477522	0	0	2.34264	0.0662017	-0.821782	0.565566	-0.0138169	0.0153519
0.477522	0	0	6.55286	-0.0161154	0.495347	0.710516	-0.498057	-0.0384467
0.477522	0	0	15.7806	-0.449125	0.212215	0.38186	0.775969	-0.0728529
0.502655	0	0	1.44265	-0.0286282	-0.552805	0.831836	-0.0386136	-0.0120326
0.502655	0	0	4.3346	-0.157898	0.805289	0.518017	-0.234338	-0.0576323
0.502655	0	0	13.0445	-0.465723	0.100744	0.0907132	0.873012	-0.0507395
0.502655	0	0	18.7136	0.861416	0.1726	0.160903	0.412481	-0.179281
0.527788	0	0	1.46365	-0.0240999	-0.583457	0.811151	-0.0306239	-0.00967358
0.527788	0	0	4.28289	-0.165182	0.784606	0.550241	-0.225967	-0.0572941
0.527788	0	0	13.2073	-0.50881	0.0822544	0.0757371	0.852564	-0.0417812
0.527788	0	0	18.5185	0.83628	0.177604	0.167813	0.458456	-0.175355
0.55292	0	0	1.48073	-0.0189462	-0.614673	0.788195	-0.0226784	-0.00726128
0.55292	0	0	4.24219	-0.172562	0.761425	0.582854	-0.217961	-0.056826
0.55292	0	0	13.3436	-0.556081	0.0628077	0.0590854	0.826022	-0.0320306
0.55292	0	0	18.3604	0.804985	0.181908	0.174272	0.508963	-0.171741
0.578053	0	0	2.37493	0.109216	-0.90142	0.41789	0.0205393	0.02146
0.578053	0	0	6.47272	0.00911326	0.374654	0.828421	-0.41383	-0.0449031
0.578053	0	0	16.3056	-0.623064	0.0877003	0.318979	0.70794	-0.0342685
0.603186	0	0	1.5011	-0.00684454	-0.676994	0.735917	-0.00726768	-0.00239041
0.603186	0	0	4.19623	-0.187591	0.708109	0.647486	-0.202669	-0.0554834
0.603186	0	0	13.5114	-0.657531	0.0213113	0.0208884	0.752759	-0.0107862
0.603186	0	0	18.1805	0.722379	0.186941	0.184262	0.618232	-0.164495
